StartPoint = (0, 5)
EndPoint = (10, 0)
N Points = 20
Selection = Tournament
Tournament Size = 5
NCrossings = 4
NGenerations = 1000
PopulationSize = 200
MutationProb = 0.1
CrossoverProb = 0.3
MutationType = Random
Elistic = 40


Best Result(mean): 1.811274

0 4.780231 7.923267
1 3.530574 5.744143
2 3.011637 5.07037
3 2.757422 4.978312
4 2.622612 4.951897
5 2.511127 4.897662
6 2.448565 4.915586
7 2.400983 4.900241
8 2.36605 4.881143
9 2.333278 4.778755
10 2.303054 4.74701
11 2.28905 4.795854
12 2.271204 4.689233
13 2.253536 4.62416
14 2.241414 4.569682
15 2.233682 4.629542
16 2.227812 4.541831
17 2.218166 4.534935
18 2.211085 4.45578
19 2.201642 4.456132
20 2.196015 4.324114
21 2.186488 4.346445
22 2.182056 4.276135
23 2.177495 4.328486
24 2.170369 4.215881
25 2.157553 4.167862
26 2.151685 4.129293
27 2.143699 4.092595
28 2.139485 4.058405
29 2.133302 4.106885
30 2.127121 3.987195
31 2.121301 3.957428
32 2.114793 3.892306
33 2.10861 3.921307
34 2.103628 3.884875
35 2.099847 3.799465
36 2.095206 3.822963
37 2.088623 3.788681
38 2.086049 3.779206
39 2.080801 3.762212
40 2.074246 3.703329
41 2.070323 3.628801
42 2.064854 3.592638
43 2.061463 3.609586
44 2.057814 3.530547
45 2.054636 3.486614
46 2.048249 3.41454
47 2.042658 3.455193
48 2.039394 3.410328
49 2.033885 3.398304
50 2.024898 3.339263
51 2.021108 3.274337
52 2.015337 3.310787
53 2.009863 3.230521
54 2.004691 3.167825
55 1.998748 3.194183
56 1.99171 3.097066
57 1.985653 3.084274
58 1.981578 3.035213
59 1.978197 2.995329
60 1.970814 2.972626
61 1.966373 2.971649
62 1.963886 2.946416
63 1.960159 2.93182
64 1.95509 2.917993
65 1.951132 2.922903
66 1.946508 2.895995
67 1.942256 2.870115
68 1.938859 2.866657
69 1.935165 2.812621
70 1.93162 2.838895
71 1.92967 2.831466
72 1.925248 2.820287
73 1.922428 2.796864
74 1.920629 2.780021
75 1.918823 2.766579
76 1.917417 2.772172
77 1.916313 2.74702
78 1.915153 2.7693
79 1.912238 2.766087
80 1.910686 2.763225
81 1.907785 2.732697
82 1.904346 2.714304
83 1.901445 2.741283
84 1.89904 2.695517
85 1.897231 2.669726
86 1.895754 2.686478
87 1.893141 2.693965
88 1.892153 2.69015
89 1.890879 2.674007
90 1.889277 2.67206
91 1.886351 2.648385
92 1.884101 2.627586
93 1.882817 2.598609
94 1.879558 2.56617
95 1.877329 2.583724
96 1.876448 2.552981
97 1.875881 2.585783
98 1.872804 2.544146
99 1.870862 2.558108
100 1.869146 2.54344
101 1.867937 2.576661
102 1.865355 2.540969
103 1.864675 2.537791
104 1.862277 2.532706
105 1.860027 2.537886
106 1.858757 2.51704
107 1.855718 2.480296
108 1.852528 2.50163
109 1.851861 2.48891
110 1.85138 2.498472
111 1.851068 2.507697
112 1.85014 2.482247
113 1.849483 2.481037
114 1.848485 2.477693
115 1.847539 2.491021
116 1.845945 2.495639
117 1.845424 2.461495
118 1.844794 2.489011
119 1.84397 2.482225
120 1.84313 2.462108
121 1.842252 2.475363
122 1.841116 2.483264
123 1.840657 2.470847
124 1.840075 2.46461
125 1.839305 2.471256
126 1.838136 2.474383
127 1.837563 2.465924
128 1.836428 2.456485
129 1.836171 2.464777
130 1.835353 2.455487
131 1.834404 2.448581
132 1.833943 2.457862
133 1.833022 2.453228
134 1.832492 2.453652
135 1.831811 2.457738
136 1.830595 2.470441
137 1.830224 2.462625
138 1.829957 2.458813
139 1.829674 2.463392
140 1.829446 2.467465
141 1.82925 2.438683
142 1.828845 2.431426
143 1.828713 2.450789
144 1.828476 2.457156
145 1.828032 2.438631
146 1.827833 2.448391
147 1.827601 2.446765
148 1.827078 2.450781
149 1.826995 2.441235
150 1.826217 2.431774
151 1.825594 2.452008
152 1.825306 2.454952
153 1.82506 2.461633
154 1.824476 2.430362
155 1.824339 2.450808
156 1.824103 2.437562
157 1.823897 2.452186
158 1.823643 2.416843
159 1.823391 2.463609
160 1.82304 2.4483
161 1.822994 2.437892
162 1.82286 2.440623
163 1.822602 2.443837
164 1.822558 2.443041
165 1.822393 2.43503
166 1.82217 2.441933
167 1.82187 2.437566
168 1.821561 2.429097
169 1.821442 2.437576
170 1.821309 2.433987
171 1.821125 2.43904
172 1.820946 2.433662
173 1.820856 2.437138
174 1.820791 2.442483
175 1.820717 2.435749
176 1.820627 2.445025
177 1.820582 2.440716
178 1.820487 2.445056
179 1.820353 2.428436
180 1.820193 2.432095
181 1.820149 2.448392
182 1.819735 2.45838
183 1.819582 2.432312
184 1.819525 2.444794
185 1.81939 2.44216
186 1.819208 2.428187
187 1.819106 2.433503
188 1.81904 2.434382
189 1.81889 2.441358
190 1.818869 2.440753
191 1.818758 2.442138
192 1.818671 2.432854
193 1.818564 2.424546
194 1.818387 2.431478
195 1.818379 2.426856
196 1.818172 2.436735
197 1.818123 2.436727
198 1.818005 2.447785
199 1.81798 2.434415
200 1.817906 2.42074
201 1.817805 2.452585
202 1.817692 2.413588
203 1.817524 2.436979
204 1.817506 2.445693
205 1.817263 2.443878
206 1.817202 2.442997
207 1.817067 2.43806
208 1.81697 2.417888
209 1.816916 2.419712
210 1.816779 2.424493
211 1.816714 2.430147
212 1.816593 2.439376
213 1.81649 2.434854
214 1.816459 2.429318
215 1.816355 2.448425
216 1.816296 2.426731
217 1.816266 2.434194
218 1.816238 2.420717
219 1.816149 2.416028
220 1.816105 2.416971
221 1.816013 2.439392
222 1.815934 2.430738
223 1.815914 2.434698
224 1.815831 2.424236
225 1.815775 2.42398
226 1.815742 2.440582
227 1.81569 2.417413
228 1.815649 2.433686
229 1.815555 2.433856
230 1.815493 2.416011
231 1.815462 2.425701
232 1.815377 2.447784
233 1.815339 2.420849
234 1.815268 2.425396
235 1.815151 2.42944
236 1.8151 2.428771
237 1.815057 2.413611
238 1.815017 2.417782
239 1.814976 2.430866
240 1.814953 2.424404
241 1.814944 2.429077
242 1.814856 2.409078
243 1.814829 2.420205
244 1.8148 2.422839
245 1.814758 2.424403
246 1.814727 2.429692
247 1.814697 2.421281
248 1.814679 2.419361
249 1.814679 2.432369
250 1.814658 2.415298
251 1.814643 2.423067
252 1.814626 2.428338
253 1.814621 2.420323
254 1.81461 2.429665
255 1.814566 2.426291
256 1.814518 2.421144
257 1.814483 2.436156
258 1.814441 2.437322
259 1.814389 2.441427
260 1.814349 2.411335
261 1.814324 2.432602
262 1.81429 2.427116
263 1.814284 2.434646
264 1.81425 2.418893
265 1.814234 2.417858
266 1.814184 2.420002
267 1.814164 2.418384
268 1.814152 2.431306
269 1.814108 2.423949
270 1.81407 2.432737
271 1.814014 2.421284
272 1.813987 2.417503
273 1.813979 2.423295
274 1.813969 2.414849
275 1.813939 2.431242
276 1.813933 2.414804
277 1.813916 2.417668
278 1.813908 2.411313
279 1.813884 2.426674
280 1.813872 2.433497
281 1.813853 2.421154
282 1.81383 2.416149
283 1.813815 2.427528
284 1.813786 2.415941
285 1.813749 2.411449
286 1.813701 2.425257
287 1.813696 2.421126
288 1.813667 2.422515
289 1.813658 2.417156
290 1.813639 2.420672
291 1.81363 2.418283
292 1.813614 2.439885
293 1.813593 2.414287
294 1.813573 2.421139
295 1.813546 2.433381
296 1.813523 2.417857
297 1.813509 2.415601
298 1.813496 2.421762
299 1.813483 2.424081
300 1.813449 2.429245
301 1.813445 2.409528
302 1.813434 2.433349
303 1.813402 2.415119
304 1.813402 2.421104
305 1.813393 2.42362
306 1.813386 2.438397
307 1.813375 2.421384
308 1.813342 2.426401
309 1.813314 2.433916
310 1.813301 2.407253
311 1.81327 2.41007
312 1.813236 2.424589
313 1.813236 2.428253
314 1.813233 2.439399
315 1.813203 2.433194
316 1.813194 2.43271
317 1.81317 2.426282
318 1.813163 2.429395
319 1.81316 2.414821
320 1.813155 2.43382
321 1.813152 2.415388
322 1.813149 2.423682
323 1.81312 2.400052
324 1.813089 2.417823
325 1.813065 2.429903
326 1.813064 2.416614
327 1.813056 2.429889
328 1.813051 2.421605
329 1.813045 2.415292
330 1.813037 2.42914
331 1.813034 2.421249
332 1.813028 2.417851
333 1.813021 2.417495
334 1.812991 2.414513
335 1.81298 2.425757
336 1.812945 2.412533
337 1.812934 2.416859
338 1.812925 2.419167
339 1.812924 2.416144
340 1.812773 2.41719
341 1.812766 2.410684
342 1.812763 2.418686
343 1.812759 2.430866
344 1.81275 2.421161
345 1.812743 2.415847
346 1.812725 2.422858
347 1.812705 2.424025
348 1.812699 2.417609
349 1.812695 2.425837
350 1.812689 2.421121
351 1.812665 2.425483
352 1.812641 2.407584
353 1.812633 2.431127
354 1.812622 2.413346
355 1.812615 2.426189
356 1.812592 2.443011
357 1.81257 2.431174
358 1.81257 2.42727
359 1.812564 2.40938
360 1.812559 2.421475
361 1.812549 2.432739
362 1.812539 2.428398
363 1.812532 2.411003
364 1.812526 2.417256
365 1.812519 2.41491
366 1.812508 2.433308
367 1.812498 2.420488
368 1.81248 2.427565
369 1.812474 2.417316
370 1.812472 2.426309
371 1.81247 2.412374
372 1.812457 2.419856
373 1.812445 2.430156
374 1.812444 2.422073
375 1.812429 2.402496
376 1.81241 2.424296
377 1.81241 2.423729
378 1.812405 2.435833
379 1.812402 2.40967
380 1.812389 2.415611
381 1.812376 2.423044
382 1.812366 2.433987
383 1.812365 2.419996
384 1.81234 2.415977
385 1.812324 2.427204
386 1.812323 2.42801
387 1.812315 2.432089
388 1.812307 2.424203
389 1.812306 2.416863
390 1.812304 2.437903
391 1.812297 2.416031
392 1.81229 2.429981
393 1.812282 2.411716
394 1.812276 2.417086
395 1.812276 2.419637
396 1.812265 2.41966
397 1.812263 2.398744
398 1.812258 2.409425
399 1.812253 2.426839
400 1.812251 2.422474
401 1.812247 2.41626
402 1.812246 2.41494
403 1.812244 2.404186
404 1.812236 2.408475
405 1.812214 2.421362
406 1.812208 2.423455
407 1.812206 2.427156
408 1.812201 2.431109
409 1.812199 2.407964
410 1.812199 2.427975
411 1.812195 2.4357
412 1.812173 2.408924
413 1.812168 2.403893
414 1.812162 2.426728
415 1.812152 2.412506
416 1.812151 2.414197
417 1.812151 2.426041
418 1.812143 2.413775
419 1.812129 2.424288
420 1.812124 2.409647
421 1.812115 2.414026
422 1.812114 2.400926
423 1.812113 2.421187
424 1.812113 2.429158
425 1.812098 2.420737
426 1.812098 2.426973
427 1.812094 2.423382
428 1.812086 2.421605
429 1.812086 2.413509
430 1.812073 2.403052
431 1.812073 2.408199
432 1.812065 2.406959
433 1.812059 2.417629
434 1.812042 2.433144
435 1.812042 2.433857
436 1.812037 2.414179
437 1.812036 2.406166
438 1.812029 2.419506
439 1.812025 2.407436
440 1.812016 2.440994
441 1.812015 2.422461
442 1.812009 2.417329
443 1.812006 2.393254
444 1.812001 2.42504
445 1.811998 2.422859
446 1.811998 2.436141
447 1.81199 2.424237
448 1.81199 2.420427
449 1.811983 2.415212
450 1.811979 2.419478
451 1.811976 2.431859
452 1.811976 2.413919
453 1.811975 2.426395
454 1.811973 2.43053
455 1.811972 2.415803
456 1.811969 2.417799
457 1.811964 2.4144
458 1.81196 2.423331
459 1.811959 2.413013
460 1.811957 2.428836
461 1.811938 2.417658
462 1.811934 2.425041
463 1.81193 2.41787
464 1.811926 2.413885
465 1.811917 2.422506
466 1.811915 2.422906
467 1.811915 2.42007
468 1.811904 2.423014
469 1.811898 2.415136
470 1.81189 2.423427
471 1.811888 2.424741
472 1.811886 2.425995
473 1.811886 2.423607
474 1.811874 2.413825
475 1.811864 2.398261
476 1.811864 2.418627
477 1.811864 2.403183
478 1.811859 2.427357
479 1.811851 2.420302
480 1.811847 2.409624
481 1.811846 2.423038
482 1.811845 2.410407
483 1.811841 2.421649
484 1.81184 2.437806
485 1.811833 2.42889
486 1.811833 2.402894
487 1.811831 2.43714
488 1.811831 2.433963
489 1.811821 2.438285
490 1.811819 2.416965
491 1.811817 2.420765
492 1.811815 2.423771
493 1.811814 2.429393
494 1.81181 2.41354
495 1.8118 2.421351
496 1.811799 2.423769
497 1.811799 2.41529
498 1.811799 2.432534
499 1.811799 2.411254
500 1.811792 2.42697
501 1.811792 2.40907
502 1.811785 2.427196
503 1.811777 2.407821
504 1.811775 2.417968
505 1.811772 2.417274
506 1.811771 2.421119
507 1.811768 2.415395
508 1.811767 2.418774
509 1.811767 2.406443
510 1.811767 2.419266
511 1.811767 2.428363
512 1.811767 2.401468
513 1.811762 2.413074
514 1.811756 2.420765
515 1.811752 2.426593
516 1.81175 2.417816
517 1.811749 2.436059
518 1.811742 2.412298
519 1.811732 2.420266
520 1.811732 2.433385
521 1.811731 2.404405
522 1.81173 2.412688
523 1.811723 2.420318
524 1.81172 2.419129
525 1.811715 2.417286
526 1.811715 2.40724
527 1.811713 2.421501
528 1.811709 2.42239
529 1.811708 2.409978
530 1.811708 2.40417
531 1.811701 2.420646
532 1.811701 2.422795
533 1.811701 2.429249
534 1.811699 2.426708
535 1.811698 2.4237
536 1.811698 2.400783
537 1.811696 2.420736
538 1.811695 2.419711
539 1.811691 2.423471
540 1.811688 2.432491
541 1.811687 2.420038
542 1.811678 2.423694
543 1.811665 2.428269
544 1.811661 2.41455
545 1.81166 2.426239
546 1.811659 2.444268
547 1.811658 2.407023
548 1.811658 2.422594
549 1.811657 2.422873
550 1.811655 2.428987
551 1.811654 2.412769
552 1.811653 2.424482
553 1.811648 2.418871
554 1.811645 2.41985
555 1.811642 2.427632
556 1.811642 2.413479
557 1.811637 2.402272
558 1.811636 2.409435
559 1.811635 2.416262
560 1.811633 2.434468
561 1.811633 2.400886
562 1.811631 2.433139
563 1.811631 2.420722
564 1.811629 2.41739
565 1.811628 2.433774
566 1.811625 2.421988
567 1.811624 2.420608
568 1.811622 2.410643
569 1.81162 2.40357
570 1.811614 2.413203
571 1.811614 2.420371
572 1.811612 2.441096
573 1.811611 2.406951
574 1.811609 2.417539
575 1.811608 2.411249
576 1.811606 2.404286
577 1.811605 2.42842
578 1.8116 2.418874
579 1.811597 2.420515
580 1.811596 2.411223
581 1.811596 2.411839
582 1.811596 2.419748
583 1.811595 2.425951
584 1.811594 2.428136
585 1.811594 2.419631
586 1.811594 2.429749
587 1.811594 2.420385
588 1.811591 2.433907
589 1.811588 2.405608
590 1.811586 2.428283
591 1.811583 2.413269
592 1.811582 2.424313
593 1.81158 2.428239
594 1.811578 2.424435
595 1.811575 2.412447
596 1.811574 2.421273
597 1.811574 2.419294
598 1.811573 2.428235
599 1.811573 2.430454
600 1.811573 2.418781
601 1.811573 2.412284
602 1.811572 2.42917
603 1.811569 2.411609
604 1.811569 2.406246
605 1.811568 2.420284
606 1.811568 2.421078
607 1.811565 2.426102
608 1.811564 2.42326
609 1.81156 2.415015
610 1.811559 2.428064
611 1.811559 2.409957
612 1.811558 2.411513
613 1.811554 2.415911
614 1.811554 2.423005
615 1.811553 2.423764
616 1.811552 2.416157
617 1.811551 2.419445
618 1.811543 2.430313
619 1.811543 2.410038
620 1.811542 2.42188
621 1.811542 2.406998
622 1.811541 2.419719
623 1.811536 2.424749
624 1.811536 2.416665
625 1.811536 2.433697
626 1.811536 2.422191
627 1.811536 2.400572
628 1.811536 2.417722
629 1.811535 2.403934
630 1.811534 2.425646
631 1.811534 2.401191
632 1.811534 2.426054
633 1.811534 2.417497
634 1.811533 2.416485
635 1.811532 2.414128
636 1.811532 2.41304
637 1.81153 2.407411
638 1.811529 2.419579
639 1.811529 2.42038
640 1.811529 2.425777
641 1.811527 2.416861
642 1.811527 2.42337
643 1.811525 2.396898
644 1.811525 2.41227
645 1.811525 2.415076
646 1.811524 2.426147
647 1.811524 2.42619
648 1.811518 2.447056
649 1.811515 2.42431
650 1.811515 2.416527
651 1.811509 2.413121
652 1.811506 2.404175
653 1.811505 2.407578
654 1.811503 2.42542
655 1.811502 2.429451
656 1.811502 2.424584
657 1.811501 2.415409
658 1.811501 2.428367
659 1.8115 2.402602
660 1.8115 2.434655
661 1.811497 2.416078
662 1.811495 2.419401
663 1.811495 2.423124
664 1.811494 2.408948
665 1.811493 2.433204
666 1.811493 2.408654
667 1.81149 2.42889
668 1.81149 2.428341
669 1.811488 2.426321
670 1.811487 2.41656
671 1.811487 2.418914
672 1.811486 2.411574
673 1.811485 2.421914
674 1.81148 2.443663
675 1.81148 2.421441
676 1.811479 2.422012
677 1.811479 2.418149
678 1.811479 2.412773
679 1.811479 2.42301
680 1.811479 2.405246
681 1.811479 2.411036
682 1.811475 2.430676
683 1.811475 2.426772
684 1.811475 2.428069
685 1.811475 2.408957
686 1.811474 2.422815
687 1.811474 2.416605
688 1.811474 2.425084
689 1.811474 2.433306
690 1.811471 2.417114
691 1.81147 2.429949
692 1.811469 2.432811
693 1.811466 2.41251
694 1.811466 2.409635
695 1.811466 2.434645
696 1.811466 2.41868
697 1.811466 2.423549
698 1.811464 2.406173
699 1.811464 2.417759
700 1.811464 2.397586
701 1.811464 2.426412
702 1.811464 2.429686
703 1.811461 2.413379
704 1.811459 2.421641
705 1.811458 2.413516
706 1.811456 2.421951
707 1.811451 2.43407
708 1.811451 2.42254
709 1.81145 2.413854
710 1.81145 2.420314
711 1.81145 2.413957
712 1.811448 2.412322
713 1.811447 2.428127
714 1.811447 2.413879
715 1.811447 2.407589
716 1.811446 2.417476
717 1.811446 2.41285
718 1.811445 2.435905
719 1.811445 2.428313
720 1.811444 2.442565
721 1.811444 2.4096
722 1.811443 2.428686
723 1.811443 2.419937
724 1.811442 2.423027
725 1.811442 2.412143
726 1.811442 2.419194
727 1.811442 2.427541
728 1.811441 2.413428
729 1.811441 2.413682
730 1.81144 2.432399
731 1.811439 2.404539
732 1.811438 2.433061
733 1.811437 2.412821
734 1.811437 2.410342
735 1.811437 2.428566
736 1.811437 2.416084
737 1.811437 2.423766
738 1.811437 2.434157
739 1.811436 2.398677
740 1.811435 2.42035
741 1.811434 2.420101
742 1.811434 2.432972
743 1.811434 2.423849
744 1.811431 2.421918
745 1.811431 2.420497
746 1.811431 2.406401
747 1.811428 2.404558
748 1.811428 2.421417
749 1.811426 2.424736
750 1.811426 2.420547
751 1.811423 2.417273
752 1.811421 2.429414
753 1.81142 2.42017
754 1.81142 2.423154
755 1.81142 2.415249
756 1.81142 2.401206
757 1.811419 2.422192
758 1.811419 2.430639
759 1.811419 2.413776
760 1.811419 2.427121
761 1.811419 2.416374
762 1.811419 2.427952
763 1.811419 2.406289
764 1.811418 2.406052
765 1.811418 2.415791
766 1.811417 2.421369
767 1.811415 2.410084
768 1.811414 2.418755
769 1.811413 2.420667
770 1.811413 2.406741
771 1.811412 2.411457
772 1.811412 2.425535
773 1.811411 2.428592
774 1.81141 2.412362
775 1.81141 2.416957
776 1.81141 2.398579
777 1.811408 2.410372
778 1.811408 2.431217
779 1.811408 2.413548
780 1.811408 2.435032
781 1.811408 2.423238
782 1.811407 2.398638
783 1.811407 2.41243
784 1.811407 2.411695
785 1.811407 2.420184
786 1.811406 2.426683
787 1.811405 2.424907
788 1.811405 2.414956
789 1.811404 2.418474
790 1.811404 2.41461
791 1.811404 2.429125
792 1.811404 2.405941
793 1.811402 2.417469
794 1.811401 2.420456
795 1.811399 2.423073
796 1.811399 2.409008
797 1.811397 2.414983
798 1.811344 2.41633
799 1.81134 2.40633
800 1.81134 2.421865
801 1.81134 2.405185
802 1.811339 2.413126
803 1.811339 2.421166
804 1.811339 2.431614
805 1.811339 2.418188
806 1.811339 2.409909
807 1.811338 2.424987
808 1.811338 2.424356
809 1.811337 2.416581
810 1.811337 2.421383
811 1.811337 2.422112
812 1.811337 2.416094
813 1.811336 2.397936
814 1.811335 2.417082
815 1.811333 2.417752
816 1.811333 2.414554
817 1.811333 2.413882
818 1.811333 2.428874
819 1.811333 2.413712
820 1.811332 2.427181
821 1.811332 2.408598
822 1.811332 2.42509
823 1.811332 2.411767
824 1.811332 2.416689
825 1.811331 2.417789
826 1.811331 2.413001
827 1.811331 2.415601
828 1.81133 2.424959
829 1.81133 2.438952
830 1.81133 2.423468
831 1.811329 2.41826
832 1.811329 2.424377
833 1.811329 2.405686
834 1.811329 2.426943
835 1.811328 2.438382
836 1.811328 2.4207
837 1.811327 2.422587
838 1.811327 2.417334
839 1.811327 2.415886
840 1.811327 2.420589
841 1.811327 2.407256
842 1.811326 2.430518
843 1.811324 2.412109
844 1.811323 2.430753
845 1.811323 2.422828
846 1.811323 2.422617
847 1.811323 2.401716
848 1.811323 2.430021
849 1.811323 2.425195
850 1.811323 2.423626
851 1.811323 2.415462
852 1.811321 2.409893
853 1.811321 2.424213
854 1.81132 2.421151
855 1.811318 2.426375
856 1.811318 2.409647
857 1.811316 2.410401
858 1.811316 2.422395
859 1.811316 2.421891
860 1.811316 2.423923
861 1.811316 2.427902
862 1.811316 2.411631
863 1.811316 2.402807
864 1.811316 2.420432
865 1.811316 2.416149
866 1.811316 2.418213
867 1.811315 2.431619
868 1.811315 2.419518
869 1.811315 2.431775
870 1.811312 2.411108
871 1.811312 2.41774
872 1.811312 2.402299
873 1.811312 2.421685
874 1.811311 2.417224
875 1.811311 2.411769
876 1.81131 2.414773
877 1.81131 2.409436
878 1.81131 2.420738
879 1.81131 2.414356
880 1.81131 2.425567
881 1.811309 2.410637
882 1.811309 2.415118
883 1.811309 2.415889
884 1.811309 2.420967
885 1.811309 2.438406
886 1.811309 2.416277
887 1.811307 2.426052
888 1.811307 2.430812
889 1.811307 2.436538
890 1.811307 2.43031
891 1.811307 2.40303
892 1.811307 2.413749
893 1.811307 2.42299
894 1.811306 2.419746
895 1.811306 2.420325
896 1.811305 2.421269
897 1.811305 2.42903
898 1.811304 2.409103
899 1.811304 2.417898
900 1.811303 2.407497
901 1.811303 2.418873
902 1.811303 2.417129
903 1.811302 2.403119
904 1.811302 2.415933
905 1.8113 2.417473
906 1.8113 2.422867
907 1.8113 2.432468
908 1.8113 2.401077
909 1.8113 2.410707
910 1.8113 2.425552
911 1.811299 2.419667
912 1.811299 2.418874
913 1.811299 2.413789
914 1.811298 2.426054
915 1.811298 2.419357
916 1.811298 2.415448
917 1.811298 2.413301
918 1.811298 2.410278
919 1.811298 2.414705
920 1.811298 2.411089
921 1.811298 2.416898
922 1.811297 2.413058
923 1.811297 2.417057
924 1.811297 2.422068
925 1.811297 2.415776
926 1.811297 2.422437
927 1.811295 2.425094
928 1.811295 2.412946
929 1.811295 2.426971
930 1.811295 2.41429
931 1.811295 2.405389
932 1.811295 2.425533
933 1.811294 2.424132
934 1.811294 2.412472
935 1.811293 2.414312
936 1.811293 2.422196
937 1.811293 2.395579
938 1.811293 2.414178
939 1.811293 2.414951
940 1.811293 2.413985
941 1.811293 2.429118
942 1.811292 2.412513
943 1.811291 2.418095
944 1.811291 2.421114
945 1.811291 2.413624
946 1.811291 2.4291
947 1.81129 2.420069
948 1.81129 2.408048
949 1.81129 2.428566
950 1.811289 2.412484
951 1.811288 2.415279
952 1.811287 2.420818
953 1.811287 2.428206
954 1.811287 2.411885
955 1.811287 2.431785
956 1.811287 2.396059
957 1.811287 2.423252
958 1.811287 2.415806
959 1.811287 2.425078
960 1.811286 2.41986
961 1.811286 2.411909
962 1.811286 2.408374
963 1.811286 2.42155
964 1.811286 2.417948
965 1.811286 2.432328
966 1.811286 2.424424
967 1.811286 2.413381
968 1.811286 2.401936
969 1.811286 2.409791
970 1.811285 2.425448
971 1.811285 2.416963
972 1.811285 2.414587
973 1.811284 2.413694
974 1.811284 2.419404
975 1.811284 2.427346
976 1.811284 2.412201
977 1.811284 2.417629
978 1.811284 2.415423
979 1.811283 2.419741
980 1.811283 2.419205
981 1.811283 2.413748
982 1.811282 2.406628
983 1.811279 2.430906
984 1.811277 2.41157
985 1.811277 2.416968
986 1.811276 2.413623
987 1.811275 2.404457
988 1.811275 2.417644
989 1.811275 2.4353
990 1.811275 2.415781
991 1.811275 2.420676
992 1.811275 2.414271
993 1.811275 2.413189
994 1.811274 2.42822
995 1.811274 2.421571
996 1.811274 2.407281
997 1.811274 2.426074
998 1.811274 2.417946
999 1.811274 2.42012

