StartPoint = (0, 5)
EndPoint = (10, 0)
N Points = 20
Selection = Tournament
Tournament Size = 100
NCrossings = 4
NGenerations = 1000
PopulationSize = 120
MutationProb = 0.1
CrossoverProb = 0.9
MutationType = Gaussian
Elistic = 40

Best Result(mean): 1.811272

0 4.829851 7.991778
1 3.662709 5.924808
2 3.100968 4.66895
3 2.839323 4.059693
4 2.6357 3.843686
5 2.498015 3.804969
6 2.403398 3.715773
7 2.347698 3.764492
8 2.301819 3.659589
9 2.28398 3.783868
10 2.272875 3.758038
11 2.264668 3.749303
12 2.25846 3.680308
13 2.252036 3.709294
14 2.243386 3.654113
15 2.235926 3.598079
16 2.229003 3.659761
17 2.223953 3.771502
18 2.216103 3.523093
19 2.212781 3.636771
20 2.210257 3.562404
21 2.207056 3.564519
22 2.204345 3.512514
23 2.202218 3.530364
24 2.200008 3.434585
25 2.195432 3.513712
26 2.192887 3.498238
27 2.190879 3.389948
28 2.188703 3.482316
29 2.183554 3.362535
30 2.17992 3.362155
31 2.173681 3.264589
32 2.170519 3.272002
33 2.16777 3.204004
34 2.163499 3.114993
35 2.157111 3.119871
36 2.151212 3.133297
37 2.144828 3.025781
38 2.132333 3.039033
39 2.126447 3.028764
40 2.122363 2.978438
41 2.112031 2.970753
42 2.109734 2.940997
43 2.105727 2.982396
44 2.102256 2.911566
45 2.100518 2.982941
46 2.097492 2.875215
47 2.092072 2.896613
48 2.088173 2.932228
49 2.084733 2.856152
50 2.078258 2.840146
51 2.074694 2.805416
52 2.06898 2.765681
53 2.064053 2.672156
54 2.057316 2.674757
55 2.051731 2.659173
56 2.047528 2.645473
57 2.041539 2.624528
58 2.034485 2.56884
59 2.031343 2.547505
60 2.02784 2.56951
61 2.02266 2.556062
62 2.019368 2.559587
63 2.012939 2.55917
64 2.010047 2.555431
65 2.006152 2.531298
66 2.001889 2.49311
67 1.99697 2.419953
68 1.993092 2.475339
69 1.988713 2.424453
70 1.979121 2.374873
71 1.970759 2.369366
72 1.961526 2.325548
73 1.957264 2.292339
74 1.952036 2.286391
75 1.945587 2.278031
76 1.939622 2.270011
77 1.937762 2.265675
78 1.934621 2.263461
79 1.93049 2.234153
80 1.926775 2.244649
81 1.923188 2.262137
82 1.920245 2.225347
83 1.915616 2.238287
84 1.909911 2.216442
85 1.906755 2.18573
86 1.903975 2.198922
87 1.898156 2.180814
88 1.894112 2.179457
89 1.890559 2.165647
90 1.888086 2.167455
91 1.884788 2.197688
92 1.882456 2.182079
93 1.877351 2.168393
94 1.875361 2.158807
95 1.871427 2.184564
96 1.867912 2.147331
97 1.866701 2.137926
98 1.863815 2.144389
99 1.858199 2.132563
100 1.857454 2.148923
101 1.854675 2.155868
102 1.852981 2.13941
103 1.851611 2.132293
104 1.850402 2.149673
105 1.84827 2.142623
106 1.847035 2.121225
107 1.845111 2.134538
108 1.842308 2.148116
109 1.840243 2.112604
110 1.839355 2.118436
111 1.838473 2.140278
112 1.837743 2.134055
113 1.837104 2.134904
114 1.83654 2.120439
115 1.83585 2.120786
116 1.83487 2.117893
117 1.834533 2.106765
118 1.833727 2.117227
119 1.832676 2.126859
120 1.831416 2.12528
121 1.830646 2.115695
122 1.829679 2.114035
123 1.828762 2.12201
124 1.827689 2.110095
125 1.827173 2.101195
126 1.826918 2.114827
127 1.826598 2.097326
128 1.826399 2.105347
129 1.825872 2.102732
130 1.825603 2.132962
131 1.825088 2.125884
132 1.824682 2.123255
133 1.824388 2.116766
134 1.824091 2.11625
135 1.823549 2.139637
136 1.823186 2.122232
137 1.822574 2.124733
138 1.822196 2.107238
139 1.822097 2.129235
140 1.821989 2.117723
141 1.821839 2.123374
142 1.821721 2.090424
143 1.8217 2.124099
144 1.82148 2.10514
145 1.821137 2.113893
146 1.820818 2.122056
147 1.820615 2.109361
148 1.820476 2.12581
149 1.820383 2.11544
150 1.820238 2.093797
151 1.819873 2.090868
152 1.819619 2.103599
153 1.819562 2.128918
154 1.819492 2.098931
155 1.819282 2.106913
156 1.818888 2.131458
157 1.818827 2.121448
158 1.818489 2.10079
159 1.818073 2.122409
160 1.818023 2.125856
161 1.817923 2.118852
162 1.817791 2.101298
163 1.817676 2.119863
164 1.81757 2.111454
165 1.81751 2.126175
166 1.817389 2.111489
167 1.817184 2.121788
168 1.817092 2.109975
169 1.816886 2.093269
170 1.81671 2.125335
171 1.816575 2.095756
172 1.816462 2.117403
173 1.816412 2.115324
174 1.816342 2.137911
175 1.816161 2.116585
176 1.816084 2.116069
177 1.816002 2.112143
178 1.815936 2.123044
179 1.815896 2.100647
180 1.815891 2.086144
181 1.815862 2.111808
182 1.815818 2.118145
183 1.815734 2.104334
184 1.815639 2.127484
185 1.815609 2.122246
186 1.81557 2.122478
187 1.815482 2.120129
188 1.815428 2.094835
189 1.815404 2.118822
190 1.815298 2.102458
191 1.815239 2.113809
192 1.815096 2.126753
193 1.815032 2.12347
194 1.814997 2.094683
195 1.814847 2.112866
196 1.814831 2.108393
197 1.814777 2.108123
198 1.814767 2.094108
199 1.814702 2.096157
200 1.81467 2.109528
201 1.81467 2.108659
202 1.814624 2.094403
203 1.814539 2.101183
204 1.814491 2.130987
205 1.814484 2.133149
206 1.814419 2.104621
207 1.814381 2.09936
208 1.814349 2.110119
209 1.814291 2.109037
210 1.814272 2.118494
211 1.814226 2.107047
212 1.814219 2.120874
213 1.814146 2.10866
214 1.814052 2.119953
215 1.814011 2.106323
216 1.813957 2.099806
217 1.813949 2.124002
218 1.813927 2.085279
219 1.813915 2.103278
220 1.813867 2.101162
221 1.813848 2.092038
222 1.813848 2.120195
223 1.813836 2.096804
224 1.813836 2.10137
225 1.813785 2.086255
226 1.81378 2.103535
227 1.813766 2.109221
228 1.813726 2.094732
229 1.813676 2.116954
230 1.813671 2.097296
231 1.813664 2.111697
232 1.813611 2.109758
233 1.813575 2.093386
234 1.813512 2.113191
235 1.813491 2.115883
236 1.813438 2.108984
237 1.813382 2.114303
238 1.813365 2.100429
239 1.813326 2.115002
240 1.813312 2.101588
241 1.813278 2.096971
242 1.813278 2.10258
243 1.813244 2.106309
244 1.813232 2.104269
245 1.813082 2.109882
246 1.813081 2.094008
247 1.813019 2.132828
248 1.813007 2.108278
249 1.812958 2.105851
250 1.812944 2.099962
251 1.812937 2.094139
252 1.812896 2.108727
253 1.812881 2.097645
254 1.812859 2.108624
255 1.812844 2.101054
256 1.812836 2.122476
257 1.812797 2.119959
258 1.81279 2.0927
259 1.812783 2.123979
260 1.812759 2.086723
261 1.812718 2.123275
262 1.812703 2.093366
263 1.812689 2.107608
264 1.812679 2.126831
265 1.812668 2.10751
266 1.812663 2.110867
267 1.812642 2.112056
268 1.812619 2.125234
269 1.81261 2.098315
270 1.81261 2.109104
271 1.812591 2.114632
272 1.812565 2.113027
273 1.81256 2.118134
274 1.812555 2.111535
275 1.812551 2.128117
276 1.81255 2.111732
277 1.812549 2.111171
278 1.812543 2.099283
279 1.812538 2.109059
280 1.812513 2.085111
281 1.812496 2.102983
282 1.812481 2.082529
283 1.812431 2.086479
284 1.812392 2.095629
285 1.812386 2.118955
286 1.81237 2.108674
287 1.812364 2.110497
288 1.812364 2.094284
289 1.812362 2.100094
290 1.812343 2.119401
291 1.812335 2.120563
292 1.812334 2.102687
293 1.812314 2.09185
294 1.812314 2.130322
295 1.812311 2.092112
296 1.812308 2.127473
297 1.812305 2.119375
298 1.8123 2.111708
299 1.81229 2.114883
300 1.812287 2.109079
301 1.812286 2.115853
302 1.812283 2.104961
303 1.812279 2.119966
304 1.812279 2.101075
305 1.81227 2.096839
306 1.812263 2.103815
307 1.812262 2.142678
308 1.812261 2.095536
309 1.812258 2.118791
310 1.812255 2.114814
311 1.812248 2.08054
312 1.812248 2.11691
313 1.812243 2.100834
314 1.812242 2.095567
315 1.812216 2.110144
316 1.812216 2.114095
317 1.81221 2.105561
318 1.812201 2.11032
319 1.812189 2.107114
320 1.812175 2.093939
321 1.81217 2.128142
322 1.812165 2.111391
323 1.812162 2.096719
324 1.812156 2.128687
325 1.812151 2.123287
326 1.812147 2.123729
327 1.812147 2.121138
328 1.812137 2.09676
329 1.812137 2.096101
330 1.812121 2.109806
331 1.812121 2.10747
332 1.812112 2.126189
333 1.81211 2.103306
334 1.812107 2.084267
335 1.812104 2.098066
336 1.812104 2.116035
337 1.812102 2.118493
338 1.812095 2.106901
339 1.812092 2.083691
340 1.812088 2.103608
341 1.812076 2.084762
342 1.812073 2.094111
343 1.81207 2.118703
344 1.81207 2.115529
345 1.81207 2.118527
346 1.812067 2.088544
347 1.812063 2.119474
348 1.812063 2.09837
349 1.812059 2.126487
350 1.812055 2.114799
351 1.812046 2.103811
352 1.812032 2.101766
353 1.812029 2.110162
354 1.812025 2.121648
355 1.812009 2.107996
356 1.812009 2.099235
357 1.812003 2.092183
358 1.812002 2.107104
359 1.811993 2.111289
360 1.81199 2.11993
361 1.811989 2.104071
362 1.811988 2.10436
363 1.811988 2.107052
364 1.811988 2.131098
365 1.811988 2.111238
366 1.81198 2.115536
367 1.811979 2.115445
368 1.811974 2.112235
369 1.811953 2.106921
370 1.811945 2.107306
371 1.811937 2.100989
372 1.811929 2.10886
373 1.811902 2.099368
374 1.8119 2.118848
375 1.811897 2.099808
376 1.811893 2.108394
377 1.811892 2.116403
378 1.811892 2.102072
379 1.81189 2.102931
380 1.811886 2.111261
381 1.811881 2.108258
382 1.811881 2.110411
383 1.811872 2.10659
384 1.811871 2.104331
385 1.811867 2.098459
386 1.811861 2.114102
387 1.81186 2.105335
388 1.811858 2.105616
389 1.811841 2.107713
390 1.811836 2.106486
391 1.811833 2.097175
392 1.81182 2.119326
393 1.811808 2.105308
394 1.811808 2.118751
395 1.811803 2.113738
396 1.811803 2.123607
397 1.811796 2.104702
398 1.811795 2.095859
399 1.811795 2.127405
400 1.811794 2.12185
401 1.811794 2.130412
402 1.811794 2.115307
403 1.811794 2.099321
404 1.811787 2.086986
405 1.811787 2.109222
406 1.811787 2.121637
407 1.811782 2.101671
408 1.811776 2.127385
409 1.811763 2.106208
410 1.811761 2.088231
411 1.811758 2.107982
412 1.811757 2.095849
413 1.811753 2.113514
414 1.81175 2.115709
415 1.811748 2.097007
416 1.811747 2.112438
417 1.811741 2.113032
418 1.81174 2.112401
419 1.811736 2.128762
420 1.811736 2.140471
421 1.811731 2.099001
422 1.811728 2.108462
423 1.811721 2.113552
424 1.811718 2.095097
425 1.811716 2.117665
426 1.811715 2.099417
427 1.811707 2.10851
428 1.811707 2.099828
429 1.8117 2.123597
430 1.811699 2.10264
431 1.811689 2.130307
432 1.811688 2.11452
433 1.811688 2.124152
434 1.811684 2.113736
435 1.811683 2.117094
436 1.811682 2.126464
437 1.811667 2.11745
438 1.811667 2.092135
439 1.811664 2.117879
440 1.811664 2.081862
441 1.811662 2.118873
442 1.811662 2.117961
443 1.811658 2.101683
444 1.811657 2.122308
445 1.811656 2.108199
446 1.811656 2.122062
447 1.811647 2.114267
448 1.811647 2.10604
449 1.811633 2.125471
450 1.81163 2.121407
451 1.81163 2.131278
452 1.811629 2.12061
453 1.811628 2.120278
454 1.811626 2.106487
455 1.811626 2.100622
456 1.811625 2.114033
457 1.811624 2.1138
458 1.811622 2.090981
459 1.811622 2.120007
460 1.81162 2.118266
461 1.811611 2.110396
462 1.811601 2.097182
463 1.811601 2.119688
464 1.811601 2.116845
465 1.811601 2.092251
466 1.811601 2.109193
467 1.811601 2.098174
468 1.8116 2.097736
469 1.811589 2.097416
470 1.811584 2.116495
471 1.811584 2.119064
472 1.811583 2.113257
473 1.811581 2.110607
474 1.811579 2.099764
475 1.811577 2.090614
476 1.811571 2.111182
477 1.811571 2.104049
478 1.811568 2.119509
479 1.811567 2.134644
480 1.811567 2.125622
481 1.811565 2.109138
482 1.811564 2.11678
483 1.811563 2.115809
484 1.811563 2.111978
485 1.811562 2.107436
486 1.81156 2.115941
487 1.811555 2.093123
488 1.811555 2.118602
489 1.811555 2.112656
490 1.811554 2.129492
491 1.811553 2.110301
492 1.811553 2.103062
493 1.811553 2.103712
494 1.81155 2.133885
495 1.81155 2.078999
496 1.81155 2.114523
497 1.81155 2.121
498 1.811547 2.12304
499 1.811545 2.101691
500 1.811542 2.099621
501 1.811542 2.093893
502 1.811538 2.127064
503 1.811535 2.104903
504 1.811531 2.107011
505 1.811531 2.107078
506 1.811531 2.110649
507 1.81153 2.08584
508 1.81153 2.126795
509 1.81153 2.105814
510 1.811529 2.1148
511 1.811527 2.110518
512 1.811523 2.08356
513 1.811523 2.110448
514 1.811522 2.117218
515 1.811522 2.110913
516 1.811522 2.11386
517 1.811522 2.103873
518 1.811521 2.10527
519 1.811521 2.100406
520 1.811517 2.109346
521 1.811516 2.112066
522 1.811512 2.086339
523 1.811511 2.115496
524 1.81151 2.110179
525 1.81151 2.125556
526 1.81151 2.085061
527 1.81151 2.118794
528 1.811507 2.103039
529 1.811507 2.114401
530 1.811507 2.123008
531 1.811507 2.133641
532 1.811507 2.109093
533 1.811503 2.13625
534 1.811499 2.119129
535 1.811493 2.104385
536 1.811491 2.105356
537 1.811483 2.129196
538 1.811482 2.109514
539 1.811482 2.130575
540 1.811482 2.114113
541 1.811482 2.10486
542 1.811481 2.120244
543 1.811477 2.090442
544 1.811476 2.132429
545 1.811476 2.141912
546 1.811476 2.10271
547 1.811476 2.109984
548 1.811473 2.096437
549 1.811472 2.119982
550 1.811472 2.118957
551 1.811471 2.110974
552 1.811471 2.119325
553 1.811468 2.120624
554 1.811465 2.104656
555 1.811464 2.119838
556 1.811464 2.095008
557 1.811464 2.123259
558 1.811464 2.098175
559 1.81146 2.100998
560 1.81146 2.119175
561 1.81146 2.117565
562 1.81146 2.099578
563 1.81146 2.125786
564 1.81146 2.132331
565 1.81146 2.111699
566 1.811458 2.138137
567 1.811458 2.119302
568 1.811458 2.108861
569 1.811455 2.105509
570 1.811452 2.118798
571 1.811452 2.127083
572 1.811452 2.098436
573 1.811447 2.117653
574 1.811444 2.095656
575 1.81144 2.097878
576 1.81144 2.098243
577 1.81144 2.111607
578 1.811439 2.105635
579 1.811438 2.10251
580 1.811436 2.107611
581 1.811436 2.119861
582 1.811435 2.086283
583 1.811435 2.136726
584 1.811434 2.122873
585 1.811434 2.096513
586 1.811434 2.114483
587 1.811434 2.113069
588 1.81143 2.110147
589 1.811427 2.113412
590 1.811426 2.109453
591 1.811426 2.118841
592 1.811426 2.117288
593 1.811425 2.121652
594 1.811424 2.109812
595 1.811424 2.106546
596 1.811423 2.116559
597 1.811419 2.106986
598 1.811417 2.119469
599 1.811417 2.120922
600 1.811416 2.119901
601 1.811413 2.116429
602 1.811413 2.130045
603 1.811411 2.101844
604 1.811411 2.121812
605 1.811409 2.097757
606 1.811409 2.131196
607 1.811409 2.119553
608 1.811409 2.120175
609 1.811407 2.108612
610 1.811407 2.122515
611 1.811407 2.095423
612 1.811407 2.101354
613 1.811407 2.124792
614 1.811405 2.116867
615 1.811403 2.124137
616 1.811403 2.11071
617 1.811402 2.109236
618 1.811402 2.098334
619 1.811399 2.124909
620 1.811399 2.0996
621 1.811398 2.119597
622 1.811395 2.116629
623 1.811393 2.136931
624 1.811393 2.106498
625 1.811393 2.121847
626 1.81139 2.08573
627 1.81139 2.123936
628 1.81139 2.11009
629 1.811388 2.118765
630 1.811388 2.11695
631 1.811388 2.103893
632 1.811387 2.112735
633 1.811387 2.150065
634 1.811387 2.114987
635 1.811385 2.091455
636 1.811385 2.110902
637 1.811385 2.123318
638 1.811384 2.116801
639 1.811384 2.121033
640 1.811382 2.137369
641 1.811381 2.098629
642 1.81138 2.098802
643 1.81138 2.104926
644 1.811378 2.113256
645 1.811378 2.107826
646 1.811378 2.089787
647 1.811376 2.100025
648 1.811376 2.108431
649 1.811376 2.093967
650 1.811376 2.101046
651 1.811376 2.112852
652 1.811376 2.099913
653 1.811376 2.113596
654 1.811376 2.111298
655 1.811376 2.090218
656 1.811374 2.104089
657 1.811373 2.130304
658 1.811373 2.114569
659 1.811373 2.1041
660 1.811373 2.116027
661 1.81137 2.111129
662 1.81137 2.097791
663 1.81137 2.102017
664 1.81137 2.106037
665 1.811369 2.114901
666 1.811369 2.108144
667 1.811368 2.100641
668 1.811368 2.093997
669 1.811368 2.122833
670 1.811367 2.10496
671 1.811366 2.147675
672 1.811366 2.111997
673 1.811365 2.119449
674 1.811365 2.098267
675 1.811365 2.121719
676 1.811365 2.088609
677 1.811364 2.109158
678 1.811364 2.118582
679 1.811364 2.094474
680 1.811362 2.108436
681 1.811362 2.079539
682 1.811362 2.125423
683 1.811362 2.117522
684 1.811362 2.10011
685 1.811361 2.084667
686 1.81136 2.11533
687 1.811359 2.099699
688 1.811357 2.124857
689 1.811357 2.095163
690 1.811357 2.117919
691 1.811355 2.104894
692 1.811355 2.117732
693 1.811355 2.117681
694 1.811355 2.099129
695 1.811355 2.132487
696 1.811355 2.115769
697 1.811355 2.098622
698 1.811353 2.107212
699 1.811351 2.102113
700 1.811349 2.124299
701 1.811349 2.131831
702 1.811349 2.101201
703 1.811348 2.11523
704 1.811347 2.085069
705 1.811347 2.130409
706 1.811344 2.082778
707 1.811344 2.101745
708 1.811344 2.09851
709 1.811344 2.123165
710 1.811343 2.128141
711 1.811343 2.099076
712 1.811342 2.094578
713 1.811342 2.090627
714 1.81134 2.114008
715 1.81134 2.121399
716 1.81134 2.125922
717 1.811339 2.099601
718 1.811339 2.098765
719 1.811338 2.121546
720 1.811337 2.104975
721 1.811336 2.103443
722 1.811336 2.11341
723 1.811336 2.110181
724 1.811335 2.109776
725 1.811334 2.106765
726 1.81133 2.107321
727 1.81133 2.111048
728 1.81133 2.097244
729 1.81133 2.096406
730 1.81133 2.109754
731 1.81133 2.097841
732 1.811329 2.101032
733 1.811329 2.110222
734 1.811329 2.11133
735 1.811328 2.099388
736 1.811328 2.101496
737 1.811327 2.111168
738 1.811327 2.090559
739 1.811327 2.121532
740 1.811327 2.11423
741 1.811327 2.119259
742 1.811325 2.116078
743 1.811325 2.107863
744 1.811325 2.125461
745 1.811325 2.113035
746 1.811325 2.102415
747 1.811325 2.129013
748 1.811324 2.130194
749 1.811324 2.108315
750 1.811324 2.109601
751 1.811324 2.08677
752 1.811324 2.09956
753 1.811324 2.087273
754 1.811323 2.097049
755 1.811323 2.118464
756 1.811322 2.115005
757 1.811321 2.114285
758 1.811321 2.099674
759 1.811319 2.109267
760 1.811319 2.113819
761 1.811319 2.120913
762 1.811318 2.097705
763 1.811318 2.12166
764 1.811318 2.106193
765 1.811318 2.123295
766 1.811318 2.119864
767 1.811318 2.112432
768 1.811318 2.088526
769 1.811317 2.114216
770 1.811317 2.104771
771 1.811317 2.105573
772 1.811317 2.127558
773 1.811317 2.090474
774 1.811317 2.098954
775 1.811315 2.133885
776 1.811315 2.107327
777 1.811314 2.0991
778 1.811311 2.1063
779 1.811311 2.113974
780 1.811311 2.093545
781 1.811311 2.107302
782 1.811311 2.093328
783 1.811311 2.12115
784 1.81131 2.13022
785 1.81131 2.10404
786 1.81131 2.12182
787 1.811309 2.104318
788 1.811309 2.13529
789 1.811309 2.117506
790 1.811309 2.103709
791 1.811309 2.109442
792 1.811309 2.10675
793 1.811309 2.094774
794 1.811309 2.100586
795 1.811309 2.097282
796 1.811309 2.098803
797 1.811309 2.100062
798 1.811309 2.106353
799 1.811309 2.124829
800 1.811308 2.080438
801 1.811308 2.094088
802 1.811308 2.100497
803 1.811308 2.095043
804 1.811308 2.120255
805 1.811308 2.1162
806 1.811308 2.100801
807 1.811308 2.122162
808 1.811308 2.1158
809 1.811306 2.110764
810 1.811306 2.106679
811 1.811306 2.110077
812 1.811306 2.113756
813 1.811306 2.090374
814 1.811304 2.100687
815 1.811304 2.09108
816 1.811304 2.097806
817 1.811304 2.105543
818 1.811304 2.112219
819 1.811303 2.107676
820 1.811303 2.110421
821 1.811303 2.105361
822 1.811303 2.094265
823 1.811303 2.107864
824 1.811302 2.102432
825 1.811302 2.109315
826 1.811302 2.115488
827 1.811302 2.090868
828 1.811302 2.107062
829 1.811302 2.094461
830 1.811301 2.121697
831 1.811301 2.114631
832 1.811301 2.149622
833 1.811301 2.107684
834 1.811301 2.1194
835 1.811301 2.121158
836 1.811301 2.088111
837 1.811301 2.113696
838 1.811301 2.14642
839 1.811301 2.124485
840 1.811301 2.123248
841 1.811301 2.113137
842 1.811301 2.131466
843 1.811301 2.131833
844 1.811301 2.117984
845 1.811301 2.107622
846 1.811301 2.112636
847 1.811301 2.117297
848 1.811301 2.119547
849 1.811301 2.103309
850 1.811301 2.108679
851 1.811301 2.112943
852 1.811301 2.105338
853 1.811301 2.113481
854 1.811301 2.111289
855 1.811301 2.101467
856 1.811301 2.114153
857 1.811301 2.105012
858 1.811301 2.094218
859 1.8113 2.118542
860 1.811299 2.107714
861 1.811299 2.106441
862 1.811299 2.133348
863 1.811299 2.112424
864 1.811299 2.110171
865 1.811299 2.114885
866 1.811299 2.083877
867 1.811298 2.112089
868 1.811298 2.118088
869 1.811298 2.120495
870 1.811298 2.107755
871 1.811298 2.12227
872 1.811298 2.110373
873 1.811297 2.114142
874 1.811297 2.102617
875 1.811297 2.089229
876 1.811296 2.115946
877 1.811296 2.109719
878 1.811294 2.115998
879 1.811294 2.093933
880 1.811293 2.098947
881 1.811293 2.099609
882 1.811293 2.124002
883 1.811293 2.103904
884 1.811293 2.140973
885 1.811293 2.099271
886 1.811293 2.126547
887 1.811293 2.090268
888 1.811293 2.114947
889 1.811293 2.104592
890 1.811293 2.114937
891 1.811293 2.114532
892 1.811293 2.117534
893 1.811292 2.096937
894 1.811292 2.068183
895 1.811292 2.077197
896 1.811292 2.130315
897 1.811292 2.115008
898 1.811291 2.108592
899 1.811291 2.102333
900 1.811282 2.113297
901 1.811282 2.101155
902 1.811282 2.127251
903 1.811282 2.093949
904 1.811282 2.127137
905 1.811282 2.103441
906 1.811282 2.114641
907 1.811281 2.116878
908 1.811281 2.118836
909 1.811281 2.120736
910 1.811281 2.134991
911 1.811281 2.112473
912 1.811281 2.130513
913 1.811281 2.100423
914 1.811281 2.107841
915 1.811281 2.110259
916 1.811281 2.113265
917 1.811281 2.1092
918 1.811281 2.128727
919 1.81128 2.116882
920 1.811276 2.099661
921 1.811276 2.12802
922 1.811276 2.124122
923 1.811276 2.100862
924 1.811276 2.106507
925 1.811276 2.113748
926 1.811276 2.107783
927 1.811276 2.134778
928 1.811276 2.106876
929 1.811276 2.092199
930 1.811276 2.084986
931 1.811276 2.103497
932 1.811276 2.111828
933 1.811276 2.097656
934 1.811276 2.091321
935 1.811276 2.094858
936 1.811276 2.122983
937 1.811276 2.126166
938 1.811276 2.08669
939 1.811276 2.099301
940 1.811276 2.118978
941 1.811276 2.106688
942 1.811276 2.088733
943 1.811276 2.109528
944 1.811276 2.105679
945 1.811276 2.125576
946 1.811275 2.115422
947 1.811275 2.118667
948 1.811275 2.106192
949 1.811275 2.124289
950 1.811275 2.069332
951 1.811275 2.09698
952 1.811275 2.118323
953 1.811275 2.114446
954 1.811275 2.126431
955 1.811275 2.081409
956 1.811275 2.114944
957 1.811275 2.118669
958 1.811275 2.121013
959 1.811275 2.118321
960 1.811275 2.119161
961 1.811275 2.094255
962 1.811275 2.09972
963 1.811275 2.11739
964 1.811275 2.127239
965 1.811275 2.123779
966 1.811275 2.098804
967 1.811275 2.098187
968 1.811275 2.105237
969 1.811275 2.092428
970 1.811275 2.091697
971 1.811275 2.104997
972 1.811275 2.104739
973 1.811275 2.099665
974 1.811275 2.112933
975 1.811274 2.098761
976 1.811274 2.086454
977 1.811274 2.105172
978 1.811274 2.107881
979 1.811274 2.120398
980 1.811274 2.108711
981 1.811274 2.128605
982 1.811274 2.124355
983 1.811274 2.124498
984 1.811274 2.111001
985 1.811273 2.11381
986 1.811273 2.106321
987 1.811273 2.111337
988 1.811273 2.125867
989 1.811273 2.10874
990 1.811273 2.112157
991 1.811273 2.124426
992 1.811273 2.114318
993 1.811273 2.109924
994 1.811273 2.111188
995 1.811273 2.108047
996 1.811273 2.097708
997 1.811272 2.116628
998 1.811272 2.095088
999 1.811272 2.096405

