StartPoint = (0, 5)
EndPoint = (10, 0)
N Points = 20
Selection = Tournament
Tournament Size = 40
NCrossings = 6
NGenerations = 1000
PopulationSize = 100
MutationProb = 0.1
CrossoverProb = 0.9
MutationType = Gaussian
Elistic = 30


Best Result(mean): 1.811628

0 4.861139 7.91357
1 3.584883 5.794525
2 3.150994 4.62744
3 2.78827 4.188624
4 2.577304 3.970508
5 2.448701 3.830156
6 2.370007 3.776403
7 2.325394 3.768484
8 2.29443 3.708544
9 2.275263 3.741325
10 2.260443 3.597968
11 2.251209 3.657026
12 2.238508 3.602624
13 2.227602 3.597876
14 2.21918 3.613746
15 2.214581 3.584286
16 2.21193 3.58567
17 2.206737 3.60878
18 2.201566 3.56356
19 2.195941 3.55906
20 2.192235 3.473077
21 2.187156 3.318521
22 2.180851 3.503277
23 2.179476 3.48705
24 2.176442 3.400306
25 2.17266 3.381768
26 2.170098 3.358478
27 2.165833 3.389984
28 2.160123 3.304853
29 2.150861 3.295466
30 2.147967 3.240616
31 2.145014 3.17725
32 2.14048 3.249767
33 2.136978 3.261615
34 2.132938 3.109788
35 2.124303 3.036321
36 2.117172 3.026749
37 2.111535 3.059995
38 2.105518 2.999704
39 2.102091 3.035816
40 2.098955 3.043246
41 2.09422 2.926926
42 2.087725 2.945833
43 2.084418 2.834944
44 2.080175 2.851659
45 2.076458 2.822358
46 2.07391 2.864842
47 2.069655 2.725218
48 2.062254 2.712072
49 2.054592 2.67903
50 2.047322 2.677942
51 2.040129 2.657687
52 2.034165 2.656318
53 2.027656 2.614314
54 2.020755 2.589604
55 2.01631 2.593985
56 2.005299 2.520182
57 2.002585 2.540851
58 1.998883 2.493232
59 1.99653 2.507029
60 1.993253 2.504731
61 1.989717 2.541514
62 1.983127 2.502592
63 1.981589 2.446564
64 1.977378 2.46121
65 1.972353 2.449715
66 1.96852 2.428378
67 1.96626 2.438596
68 1.961915 2.410908
69 1.958866 2.427437
70 1.954532 2.410503
71 1.950868 2.463014
72 1.948089 2.451332
73 1.947089 2.364063
74 1.944818 2.384913
75 1.941967 2.386289
76 1.93831 2.353473
77 1.931898 2.325533
78 1.927729 2.344389
79 1.924365 2.297353
80 1.922012 2.321609
81 1.921088 2.342233
82 1.918317 2.297513
83 1.917363 2.326387
84 1.91412 2.320503
85 1.911778 2.305425
86 1.907739 2.284873
87 1.903753 2.263535
88 1.899712 2.267899
89 1.898499 2.285441
90 1.897381 2.288581
91 1.895775 2.255628
92 1.893985 2.297549
93 1.892708 2.255832
94 1.890873 2.267132
95 1.890185 2.274373
96 1.887944 2.238493
97 1.88508 2.222862
98 1.883366 2.211252
99 1.881952 2.211643
100 1.87903 2.208366
101 1.876871 2.218854
102 1.872643 2.185532
103 1.87084 2.211101
104 1.868408 2.193588
105 1.866163 2.199501
106 1.864936 2.203423
107 1.863904 2.221368
108 1.86212 2.216937
109 1.861049 2.215149
110 1.859755 2.234495
111 1.859071 2.181161
112 1.858597 2.171865
113 1.856988 2.1921
114 1.855138 2.189331
115 1.854649 2.219653
116 1.853911 2.206636
117 1.85364 2.186046
118 1.852597 2.206247
119 1.851558 2.183478
120 1.850594 2.197236
121 1.850179 2.176711
122 1.849891 2.192362
123 1.849229 2.186788
124 1.848776 2.183954
125 1.848673 2.18836
126 1.848184 2.161214
127 1.847657 2.194824
128 1.846852 2.169937
129 1.846174 2.165042
130 1.845597 2.17477
131 1.845299 2.151463
132 1.844711 2.165166
133 1.844512 2.180163
134 1.843617 2.1608
135 1.840962 2.186229
136 1.840435 2.147803
137 1.837057 2.14986
138 1.836142 2.13475
139 1.835407 2.148578
140 1.834869 2.112551
141 1.834545 2.127187
142 1.833445 2.146389
143 1.831849 2.130099
144 1.830784 2.160658
145 1.830379 2.154589
146 1.829802 2.118125
147 1.828954 2.137753
148 1.828256 2.12183
149 1.827582 2.136244
150 1.827392 2.126812
151 1.826491 2.127693
152 1.826199 2.133321
153 1.825673 2.143779
154 1.824682 2.1514
155 1.82409 2.127398
156 1.823527 2.148321
157 1.823449 2.150725
158 1.823237 2.140317
159 1.822708 2.120317
160 1.822225 2.138485
161 1.822147 2.133752
162 1.82205 2.122994
163 1.82197 2.129193
164 1.821407 2.101134
165 1.821257 2.142063
166 1.821125 2.151036
167 1.821062 2.153977
168 1.82079 2.146242
169 1.820529 2.142813
170 1.820386 2.12365
171 1.820255 2.140097
172 1.820039 2.146861
173 1.819868 2.134769
174 1.819726 2.145716
175 1.819649 2.133894
176 1.819515 2.121568
177 1.819495 2.137383
178 1.81944 2.121758
179 1.819337 2.122783
180 1.819246 2.101916
181 1.819172 2.132147
182 1.819125 2.144947
183 1.818809 2.11616
184 1.818644 2.128729
185 1.81863 2.122286
186 1.818422 2.125967
187 1.818398 2.121688
188 1.818105 2.154592
189 1.817751 2.102086
190 1.817406 2.137129
191 1.817317 2.124061
192 1.817225 2.126842
193 1.817196 2.127868
194 1.817177 2.134038
195 1.817124 2.130383
196 1.817026 2.119686
197 1.816788 2.120561
198 1.816748 2.129061
199 1.816703 2.121046
200 1.816678 2.126997
201 1.81666 2.143379
202 1.816474 2.12816
203 1.816446 2.116159
204 1.816378 2.141916
205 1.816309 2.134231
206 1.816251 2.175359
207 1.81622 2.134227
208 1.816167 2.151404
209 1.816144 2.130972
210 1.816087 2.139493
211 1.816054 2.095252
212 1.815975 2.143583
213 1.815961 2.130457
214 1.81592 2.152833
215 1.815918 2.134955
216 1.815852 2.129392
217 1.815804 2.119515
218 1.815735 2.115743
219 1.815688 2.138024
220 1.81568 2.115542
221 1.815678 2.156277
222 1.815648 2.141556
223 1.815637 2.124475
224 1.815621 2.156233
225 1.815477 2.141045
226 1.815333 2.117216
227 1.815245 2.104814
228 1.81518 2.111427
229 1.815166 2.103461
230 1.815164 2.149741
231 1.815161 2.121419
232 1.81512 2.115996
233 1.815102 2.113499
234 1.815021 2.133302
235 1.815021 2.121804
236 1.81499 2.134728
237 1.814958 2.146593
238 1.814957 2.103004
239 1.814915 2.111929
240 1.814829 2.113408
241 1.81477 2.128197
242 1.814765 2.122308
243 1.814712 2.138488
244 1.814676 2.120037
245 1.814666 2.12765
246 1.814625 2.106439
247 1.81462 2.132783
248 1.814584 2.125512
249 1.814506 2.127308
250 1.814492 2.112047
251 1.814461 2.148272
252 1.81427 2.136884
253 1.814229 2.11353
254 1.814182 2.131575
255 1.814168 2.124993
256 1.814084 2.11116
257 1.814077 2.13225
258 1.814061 2.13414
259 1.814056 2.113764
260 1.814051 2.120359
261 1.814047 2.122547
262 1.814047 2.126971
263 1.814044 2.105051
264 1.814043 2.119128
265 1.814004 2.137669
266 1.813997 2.094468
267 1.813961 2.123283
268 1.813847 2.12781
269 1.813807 2.135639
270 1.813757 2.119983
271 1.813744 2.107387
272 1.813736 2.135499
273 1.813706 2.116749
274 1.813667 2.139729
275 1.813665 2.120104
276 1.813661 2.140325
277 1.813654 2.11686
278 1.813594 2.115619
279 1.813594 2.110904
280 1.813585 2.114518
281 1.813579 2.128846
282 1.813569 2.119597
283 1.813561 2.131479
284 1.813509 2.147058
285 1.813476 2.124855
286 1.813431 2.13159
287 1.813353 2.117648
288 1.813344 2.126252
289 1.813333 2.13345
290 1.813329 2.091752
291 1.813307 2.125135
292 1.813291 2.135557
293 1.813282 2.129941
294 1.813281 2.094485
295 1.813274 2.109939
296 1.813253 2.129403
297 1.813234 2.11731
298 1.813188 2.13375
299 1.813188 2.124315
300 1.813183 2.141452
301 1.813182 2.121143
302 1.813181 2.13343
303 1.813158 2.128481
304 1.813129 2.127356
305 1.813127 2.110832
306 1.813086 2.149403
307 1.813073 2.117417
308 1.813036 2.1155
309 1.813015 2.124327
310 1.812991 2.113403
311 1.812971 2.139699
312 1.812964 2.114825
313 1.812964 2.119494
314 1.812964 2.145679
315 1.812954 2.116478
316 1.81293 2.158715
317 1.812915 2.134237
318 1.812907 2.143114
319 1.812907 2.11164
320 1.812898 2.119318
321 1.81288 2.127236
322 1.812876 2.102992
323 1.812863 2.118599
324 1.81285 2.110955
325 1.812848 2.10538
326 1.812847 2.165485
327 1.812841 2.129563
328 1.812839 2.123025
329 1.812835 2.112036
330 1.812829 2.120042
331 1.812778 2.168144
332 1.812772 2.111674
333 1.812737 2.107419
334 1.812736 2.12191
335 1.812732 2.129749
336 1.81273 2.13562
337 1.812706 2.136321
338 1.812705 2.127932
339 1.812698 2.121037
340 1.812696 2.14193
341 1.81268 2.119293
342 1.812674 2.115839
343 1.812652 2.119903
344 1.812649 2.12002
345 1.812637 2.117373
346 1.81263 2.105744
347 1.812612 2.150967
348 1.812609 2.142954
349 1.812608 2.133571
350 1.812607 2.126802
351 1.812596 2.104271
352 1.812593 2.11767
353 1.812593 2.127078
354 1.812587 2.118966
355 1.812584 2.108051
356 1.812584 2.146658
357 1.812583 2.120823
358 1.812583 2.108426
359 1.812583 2.127935
360 1.812582 2.122829
361 1.812578 2.125088
362 1.812561 2.134917
363 1.812534 2.11006
364 1.812533 2.155008
365 1.81253 2.150422
366 1.812519 2.124136
367 1.812513 2.146289
368 1.812513 2.130018
369 1.812512 2.132945
370 1.812512 2.141922
371 1.812508 2.136641
372 1.812504 2.119132
373 1.812499 2.118197
374 1.812481 2.131552
375 1.81248 2.144043
376 1.812469 2.092464
377 1.812469 2.129519
378 1.812466 2.132011
379 1.812465 2.116595
380 1.812465 2.132236
381 1.812465 2.136313
382 1.812462 2.139469
383 1.81246 2.134928
384 1.812459 2.112679
385 1.812458 2.135947
386 1.812455 2.119251
387 1.812454 2.109399
388 1.812454 2.127907
389 1.812452 2.113171
390 1.812452 2.133273
391 1.812448 2.121372
392 1.812447 2.144163
393 1.812445 2.117651
394 1.812436 2.142041
395 1.812424 2.113975
396 1.812424 2.141932
397 1.812408 2.135808
398 1.812408 2.115992
399 1.812407 2.113964
400 1.8124 2.104413
401 1.812391 2.136688
402 1.812384 2.122973
403 1.812368 2.122545
404 1.812366 2.136906
405 1.812366 2.146363
406 1.812352 2.122509
407 1.81235 2.116773
408 1.812343 2.148739
409 1.812343 2.110059
410 1.812341 2.106441
411 1.812341 2.131961
412 1.812332 2.105767
413 1.812323 2.099673
414 1.812298 2.131685
415 1.812297 2.092696
416 1.812294 2.116205
417 1.81229 2.142911
418 1.81229 2.158473
419 1.812279 2.174368
420 1.812276 2.109113
421 1.812275 2.126901
422 1.812267 2.11201
423 1.812262 2.151264
424 1.812262 2.115964
425 1.812262 2.131656
426 1.812261 2.140537
427 1.81226 2.09625
428 1.812256 2.118536
429 1.812256 2.116226
430 1.812256 2.121006
431 1.812256 2.105942
432 1.812251 2.154627
433 1.812248 2.125306
434 1.812244 2.117342
435 1.812239 2.146896
436 1.812239 2.129958
437 1.812238 2.122266
438 1.812231 2.126622
439 1.812227 2.121268
440 1.812223 2.12446
441 1.812223 2.126441
442 1.81221 2.134096
443 1.812201 2.112129
444 1.8122 2.127026
445 1.812197 2.117508
446 1.812196 2.112026
447 1.812194 2.140174
448 1.812182 2.106073
449 1.81218 2.12146
450 1.812165 2.141342
451 1.812164 2.137295
452 1.812161 2.134045
453 1.812157 2.132661
454 1.812152 2.090273
455 1.812146 2.114863
456 1.812144 2.114056
457 1.81214 2.126097
458 1.81214 2.14665
459 1.812139 2.112683
460 1.812138 2.128098
461 1.812138 2.163422
462 1.812135 2.100724
463 1.812133 2.104387
464 1.81212 2.118855
465 1.81212 2.107135
466 1.812117 2.123261
467 1.812113 2.109202
468 1.812113 2.106786
469 1.812113 2.117045
470 1.812113 2.121407
471 1.812113 2.116383
472 1.812111 2.131639
473 1.812111 2.127102
474 1.812107 2.123348
475 1.812107 2.099991
476 1.812107 2.105783
477 1.812107 2.132856
478 1.812103 2.131727
479 1.8121 2.119509
480 1.812098 2.116546
481 1.812097 2.139107
482 1.812095 2.141081
483 1.812088 2.124129
484 1.812084 2.109761
485 1.812083 2.121298
486 1.812082 2.136785
487 1.812082 2.131497
488 1.812073 2.134123
489 1.812072 2.117755
490 1.812069 2.117629
491 1.812065 2.121701
492 1.812051 2.146071
493 1.812051 2.124567
494 1.812043 2.139386
495 1.812042 2.129804
496 1.812041 2.099287
497 1.81204 2.121083
498 1.812036 2.118476
499 1.812036 2.12029
500 1.812021 2.136752
501 1.81202 2.13976
502 1.812018 2.134484
503 1.812018 2.120888
504 1.812018 2.117009
505 1.812017 2.162131
506 1.812013 2.123627
507 1.812011 2.124939
508 1.812011 2.120893
509 1.812011 2.165201
510 1.81201 2.132028
511 1.812009 2.135976
512 1.812009 2.124672
513 1.812009 2.133496
514 1.812007 2.131962
515 1.812006 2.129612
516 1.812001 2.120207
517 1.812001 2.131391
518 1.812001 2.12319
519 1.812 2.124372
520 1.812 2.132239
521 1.811998 2.10467
522 1.811998 2.096854
523 1.811996 2.13142
524 1.811996 2.109268
525 1.811996 2.116268
526 1.811993 2.114978
527 1.811993 2.109441
528 1.811982 2.114647
529 1.811982 2.131769
530 1.811966 2.136916
531 1.811963 2.130487
532 1.811963 2.12114
533 1.81196 2.126041
534 1.811959 2.117149
535 1.811959 2.134265
536 1.811958 2.116832
537 1.811956 2.12569
538 1.811955 2.106375
539 1.811954 2.124488
540 1.811954 2.105106
541 1.811953 2.138347
542 1.811953 2.121867
543 1.811952 2.119829
544 1.811945 2.11874
545 1.811944 2.117362
546 1.811944 2.123805
547 1.811944 2.122302
548 1.811944 2.125067
549 1.811944 2.105633
550 1.811943 2.121476
551 1.811943 2.117269
552 1.811941 2.125264
553 1.811941 2.153205
554 1.81194 2.137816
555 1.81194 2.148518
556 1.81194 2.122881
557 1.811937 2.141367
558 1.811934 2.140591
559 1.811933 2.119224
560 1.811929 2.143394
561 1.811927 2.125462
562 1.811925 2.111192
563 1.811924 2.128094
564 1.811922 2.119121
565 1.811922 2.140749
566 1.811921 2.106041
567 1.811917 2.122783
568 1.811916 2.127618
569 1.811916 2.110153
570 1.811912 2.118276
571 1.811906 2.121433
572 1.811903 2.145214
573 1.8119 2.119624
574 1.811899 2.123491
575 1.811898 2.112457
576 1.811894 2.116179
577 1.811887 2.122394
578 1.811887 2.139349
579 1.811885 2.145184
580 1.811884 2.126028
581 1.811884 2.10771
582 1.811879 2.122507
583 1.811879 2.122305
584 1.811878 2.138722
585 1.811878 2.116493
586 1.811876 2.144401
587 1.811875 2.131294
588 1.811875 2.10219
589 1.811875 2.125869
590 1.811864 2.123834
591 1.811864 2.127165
592 1.811863 2.12393
593 1.811863 2.101334
594 1.811857 2.124492
595 1.811856 2.104907
596 1.811856 2.11984
597 1.811856 2.117306
598 1.811855 2.122124
599 1.811855 2.149185
600 1.811855 2.113874
601 1.811855 2.110804
602 1.811855 2.14167
603 1.811855 2.130891
604 1.811855 2.114626
605 1.811852 2.128269
606 1.811852 2.128949
607 1.811852 2.102782
608 1.811845 2.138535
609 1.811844 2.123278
610 1.811844 2.12706
611 1.811844 2.112409
612 1.811844 2.144142
613 1.811843 2.10648
614 1.811838 2.108433
615 1.811838 2.124104
616 1.811837 2.130195
617 1.811836 2.124599
618 1.811836 2.112856
619 1.811834 2.115999
620 1.811834 2.114637
621 1.811834 2.121469
622 1.811834 2.116777
623 1.811834 2.106595
624 1.811834 2.140228
625 1.81183 2.119658
626 1.811822 2.124989
627 1.811822 2.146078
628 1.811822 2.131077
629 1.811822 2.125929
630 1.811822 2.1196
631 1.811821 2.135007
632 1.811821 2.110808
633 1.811821 2.127147
634 1.811821 2.140587
635 1.811821 2.103522
636 1.81182 2.14341
637 1.81182 2.117619
638 1.81182 2.102091
639 1.811819 2.10101
640 1.811817 2.133131
641 1.811816 2.102887
642 1.811816 2.140439
643 1.811816 2.144459
644 1.811816 2.127084
645 1.811814 2.143457
646 1.811814 2.118568
647 1.811812 2.134848
648 1.811812 2.131912
649 1.811808 2.111647
650 1.811805 2.104507
651 1.811803 2.110305
652 1.811802 2.13163
653 1.811802 2.124743
654 1.811799 2.133485
655 1.811799 2.112363
656 1.811799 2.114406
657 1.811796 2.124503
658 1.811796 2.149107
659 1.811795 2.127409
660 1.811792 2.119292
661 1.811791 2.140559
662 1.811791 2.138512
663 1.811791 2.140739
664 1.811788 2.11562
665 1.811788 2.138446
666 1.811788 2.137446
667 1.811788 2.145239
668 1.811788 2.126658
669 1.811788 2.151578
670 1.811786 2.103813
671 1.811786 2.131008
672 1.811786 2.115873
673 1.811786 2.123282
674 1.811786 2.117728
675 1.811786 2.131114
676 1.811785 2.114516
677 1.811785 2.138508
678 1.811785 2.104351
679 1.811782 2.129505
680 1.811782 2.126338
681 1.811782 2.117136
682 1.811782 2.13692
683 1.811782 2.112529
684 1.811781 2.111898
685 1.811781 2.132261
686 1.811779 2.122588
687 1.811779 2.127126
688 1.811776 2.119873
689 1.811776 2.141262
690 1.811776 2.118873
691 1.811776 2.110745
692 1.811776 2.145638
693 1.811776 2.144431
694 1.811776 2.12031
695 1.811776 2.143358
696 1.811775 2.116764
697 1.811774 2.112859
698 1.811774 2.108147
699 1.811772 2.111577
700 1.811772 2.13122
701 1.81177 2.099417
702 1.811768 2.13058
703 1.811768 2.118783
704 1.811768 2.121481
705 1.811768 2.116034
706 1.811766 2.130976
707 1.811766 2.125854
708 1.811766 2.111511
709 1.811765 2.128778
710 1.811765 2.137443
711 1.811765 2.114335
712 1.811765 2.138668
713 1.811765 2.147081
714 1.811765 2.110829
715 1.811765 2.135764
716 1.811765 2.09966
717 1.811765 2.121044
718 1.811765 2.103056
719 1.811764 2.110496
720 1.811764 2.117507
721 1.811764 2.130109
722 1.811763 2.109875
723 1.811763 2.133136
724 1.811763 2.128694
725 1.811759 2.123471
726 1.811759 2.137181
727 1.811753 2.120665
728 1.811753 2.120952
729 1.811753 2.134772
730 1.811753 2.126818
731 1.811752 2.142539
732 1.811752 2.139177
733 1.811748 2.130248
734 1.811748 2.123483
735 1.811748 2.105654
736 1.811748 2.139144
737 1.811747 2.116501
738 1.811747 2.130777
739 1.811735 2.085745
740 1.811735 2.126334
741 1.81173 2.102505
742 1.811729 2.150118
743 1.811727 2.113093
744 1.811725 2.139035
745 1.811725 2.151978
746 1.811724 2.141024
747 1.811723 2.120774
748 1.811723 2.112193
749 1.811722 2.121737
750 1.811722 2.140219
751 1.811722 2.130384
752 1.811721 2.151613
753 1.811721 2.114072
754 1.81172 2.118868
755 1.811719 2.123281
756 1.811719 2.122089
757 1.811717 2.165259
758 1.811717 2.111167
759 1.811716 2.093055
760 1.811714 2.129765
761 1.81171 2.128468
762 1.81171 2.146151
763 1.81171 2.105115
764 1.81171 2.11813
765 1.81171 2.127164
766 1.81171 2.136761
767 1.81171 2.136124
768 1.81171 2.137873
769 1.811709 2.131059
770 1.811709 2.119643
771 1.811709 2.156514
772 1.811708 2.101127
773 1.811708 2.124825
774 1.811708 2.104389
775 1.811708 2.117359
776 1.811708 2.147266
777 1.811703 2.12258
778 1.811703 2.096835
779 1.811703 2.116229
780 1.811703 2.142333
781 1.811703 2.114478
782 1.811703 2.132573
783 1.811703 2.124825
784 1.811703 2.117325
785 1.811703 2.123522
786 1.811703 2.13365
787 1.811703 2.116414
788 1.811703 2.134299
789 1.811701 2.127759
790 1.811699 2.106094
791 1.811699 2.125863
792 1.811699 2.143836
793 1.811696 2.113425
794 1.811696 2.136742
795 1.811696 2.131434
796 1.811696 2.130154
797 1.811694 2.119978
798 1.811691 2.123603
799 1.811691 2.137333
800 1.811691 2.132859
801 1.811691 2.115233
802 1.811691 2.126028
803 1.811691 2.115237
804 1.81169 2.113067
805 1.811688 2.122994
806 1.811688 2.117494
807 1.811688 2.133406
808 1.811688 2.143625
809 1.811688 2.1388
810 1.811688 2.118901
811 1.811688 2.112345
812 1.811688 2.124644
813 1.811688 2.09662
814 1.811688 2.099509
815 1.811686 2.133898
816 1.811686 2.13856
817 1.811686 2.123729
818 1.811685 2.134825
819 1.811683 2.130016
820 1.811683 2.111188
821 1.811681 2.153177
822 1.811681 2.099197
823 1.811681 2.145586
824 1.811681 2.12165
825 1.81168 2.123244
826 1.81168 2.134422
827 1.811679 2.136892
828 1.811679 2.143739
829 1.811679 2.132438
830 1.811679 2.12644
831 1.811679 2.12836
832 1.811679 2.174633
833 1.811679 2.137491
834 1.811678 2.133735
835 1.811678 2.126939
836 1.811678 2.123863
837 1.811678 2.12263
838 1.811678 2.12728
839 1.811678 2.124149
840 1.811678 2.12964
841 1.811678 2.122491
842 1.811667 2.136463
843 1.811666 2.144086
844 1.811666 2.125173
845 1.811666 2.138231
846 1.811666 2.133593
847 1.811666 2.156673
848 1.811666 2.14513
849 1.811666 2.120993
850 1.811666 2.123867
851 1.811666 2.123661
852 1.811666 2.124133
853 1.811666 2.125287
854 1.811666 2.11324
855 1.811666 2.110382
856 1.811664 2.156729
857 1.811664 2.106877
858 1.811664 2.130531
859 1.811664 2.141825
860 1.811664 2.125286
861 1.811664 2.128179
862 1.811664 2.108191
863 1.811664 2.100241
864 1.811664 2.109266
865 1.811664 2.129461
866 1.811664 2.113361
867 1.811664 2.112518
868 1.811663 2.122273
869 1.811663 2.145911
870 1.811663 2.153999
871 1.811662 2.119465
872 1.811662 2.144282
873 1.811661 2.11099
874 1.811661 2.104015
875 1.811661 2.110674
876 1.811661 2.136847
877 1.811661 2.139585
878 1.811661 2.117389
879 1.811661 2.153483
880 1.81166 2.129862
881 1.811658 2.112811
882 1.811657 2.107256
883 1.811657 2.121291
884 1.811657 2.100355
885 1.811657 2.131044
886 1.811655 2.144236
887 1.811651 2.138235
888 1.811651 2.126909
889 1.811651 2.107418
890 1.811651 2.113363
891 1.811651 2.127325
892 1.811651 2.131285
893 1.81165 2.137133
894 1.81165 2.154588
895 1.81165 2.124506
896 1.81165 2.144534
897 1.81165 2.127596
898 1.81165 2.131549
899 1.81165 2.113682
900 1.81165 2.132168
901 1.81165 2.12935
902 1.811649 2.11936
903 1.811649 2.104224
904 1.811649 2.120514
905 1.811649 2.11911
906 1.811649 2.116072
907 1.811647 2.121373
908 1.811647 2.104136
909 1.811647 2.116391
910 1.811647 2.149942
911 1.811646 2.119977
912 1.811646 2.133775
913 1.811645 2.121913
914 1.811645 2.112604
915 1.811644 2.117701
916 1.811644 2.129623
917 1.811644 2.133941
918 1.811644 2.125093
919 1.811644 2.123311
920 1.811644 2.105418
921 1.811644 2.119134
922 1.811644 2.113001
923 1.811644 2.145365
924 1.811644 2.103677
925 1.811644 2.124161
926 1.811643 2.13399
927 1.811643 2.121671
928 1.811642 2.132825
929 1.811642 2.145948
930 1.811642 2.128999
931 1.811642 2.131191
932 1.811642 2.118833
933 1.811642 2.11327
934 1.811642 2.15524
935 1.811642 2.115142
936 1.811641 2.094648
937 1.811641 2.13769
938 1.811641 2.118837
939 1.811641 2.12339
940 1.81164 2.131051
941 1.81164 2.101376
942 1.81164 2.140562
943 1.81164 2.117546
944 1.81164 2.118038
945 1.81164 2.129582
946 1.81164 2.117728
947 1.81164 2.129099
948 1.811638 2.104562
949 1.811637 2.124072
950 1.811637 2.136241
951 1.811637 2.120544
952 1.811637 2.132466
953 1.811637 2.147007
954 1.811637 2.144482
955 1.811635 2.117765
956 1.811633 2.141875
957 1.811633 2.109172
958 1.811633 2.14915
959 1.811633 2.1152
960 1.811633 2.106297
961 1.811633 2.124113
962 1.811633 2.131847
963 1.811633 2.124713
964 1.811633 2.106228
965 1.811633 2.121614
966 1.811632 2.124899
967 1.811632 2.136846
968 1.811631 2.117532
969 1.81163 2.128329
970 1.81163 2.122267
971 1.81163 2.109471
972 1.81163 2.145656
973 1.81163 2.123951
974 1.81163 2.128804
975 1.81163 2.117811
976 1.81163 2.094432
977 1.81163 2.127348
978 1.81163 2.121417
979 1.81163 2.126796
980 1.81163 2.10838
981 1.81163 2.126173
982 1.81163 2.12406
983 1.81163 2.121784
984 1.81163 2.136058
985 1.81163 2.13156
986 1.81163 2.137808
987 1.81163 2.102537
988 1.811629 2.142842
989 1.811629 2.122444
990 1.811629 2.131865
991 1.811629 2.113014
992 1.811629 2.111823
993 1.811629 2.145791
994 1.811629 2.120882
995 1.811629 2.117345
996 1.811629 2.12323
997 1.811629 2.141657
998 1.811629 2.112751
999 1.811628 2.159186

