StartPoint = (0, 5)
EndPoint = (10, 0)
N Points = 20
Selection = Tournament
Tournament Size = 5
NCrossings = 4
NGenerations = 1000
PopulationSize = 100
MutationProb = 0.1
CrossoverProb = 0.9
MutationType = Gaussian
Elistic = 40


Best Result(mean): 1.81146

0 4.862265 7.902847
1 3.765652 5.982186
2 3.267153 4.74955
3 2.941165 4.264904
4 2.720429 4.002455
5 2.568598 3.717801
6 2.449304 3.644443
7 2.391478 3.593863
8 2.342095 3.596297
9 2.313039 3.552161
10 2.29048 3.55511
11 2.2754 3.472296
12 2.260134 3.561704
13 2.251898 3.54191
14 2.241413 3.499921
15 2.235473 3.517513
16 2.228452 3.435805
17 2.222384 3.43319
18 2.214204 3.379457
19 2.210553 3.369711
20 2.207183 3.351811
21 2.203327 3.350061
22 2.198186 3.31134
23 2.193801 3.305692
24 2.187501 3.312596
25 2.183729 3.290953
26 2.181542 3.245542
27 2.178992 3.266562
28 2.175428 3.253776
29 2.173731 3.195619
30 2.16967 3.20364
31 2.165591 3.136526
32 2.162224 3.183779
33 2.158721 3.123653
34 2.157393 3.126149
35 2.154203 3.068752
36 2.15109 3.101441
37 2.147984 2.980796
38 2.145097 3.003145
39 2.141583 3.020647
40 2.138394 2.955932
41 2.135825 2.992511
42 2.132872 2.892727
43 2.130053 2.997406
44 2.126106 2.91183
45 2.123628 2.922602
46 2.122609 2.920914
47 2.118548 2.877889
48 2.11652 2.884306
49 2.11494 2.823708
50 2.112104 2.835504
51 2.1095 2.847814
52 2.105844 2.792393
53 2.09961 2.83462
54 2.093945 2.796138
55 2.087671 2.848508
56 2.079485 2.745315
57 2.077019 2.686857
58 2.071771 2.701238
59 2.064642 2.703579
60 2.061034 2.701852
61 2.05961 2.624508
62 2.052396 2.577731
63 2.047086 2.597975
64 2.043484 2.560515
65 2.038672 2.533907
66 2.035743 2.492484
67 2.03334 2.505387
68 2.030456 2.52946
69 2.026138 2.501343
70 2.019884 2.469563
71 2.013743 2.469425
72 2.009495 2.43437
73 2.002053 2.436967
74 1.996536 2.415401
75 1.989443 2.433215
76 1.984248 2.362847
77 1.981179 2.379352
78 1.975156 2.40469
79 1.968714 2.388123
80 1.964545 2.389035
81 1.962026 2.349219
82 1.960168 2.347385
83 1.955768 2.333998
84 1.949465 2.317832
85 1.946755 2.314308
86 1.943294 2.287618
87 1.940086 2.266225
88 1.937314 2.245374
89 1.934714 2.220353
90 1.930735 2.261312
91 1.927942 2.217149
92 1.924704 2.222731
93 1.921008 2.22964
94 1.917671 2.213555
95 1.912396 2.249234
96 1.910112 2.236549
97 1.906423 2.232148
98 1.904362 2.184184
99 1.903425 2.181109
100 1.901173 2.208122
101 1.898748 2.202506
102 1.896857 2.189296
103 1.895429 2.213996
104 1.893336 2.233694
105 1.890151 2.178084
106 1.888283 2.181791
107 1.886837 2.176227
108 1.884409 2.185412
109 1.882701 2.189175
110 1.878801 2.180348
111 1.876438 2.163357
112 1.874648 2.164128
113 1.87132 2.149874
114 1.869381 2.15191
115 1.864798 2.137639
116 1.863968 2.130834
117 1.861429 2.103344
118 1.85766 2.116407
119 1.856524 2.124254
120 1.85475 2.110211
121 1.853521 2.09596
122 1.852334 2.109743
123 1.851372 2.101224
124 1.850533 2.101501
125 1.850087 2.110121
126 1.848919 2.117495
127 1.84742 2.103242
128 1.846022 2.09327
129 1.844526 2.095969
130 1.842869 2.100812
131 1.841895 2.114573
132 1.840243 2.106606
133 1.839472 2.104825
134 1.83833 2.127118
135 1.837677 2.105791
136 1.836753 2.100162
137 1.836315 2.072872
138 1.835114 2.106365
139 1.834802 2.091963
140 1.834343 2.118793
141 1.83313 2.090282
142 1.832617 2.08397
143 1.832059 2.092827
144 1.831885 2.088771
145 1.830956 2.107443
146 1.830721 2.089047
147 1.829839 2.091715
148 1.829274 2.072207
149 1.828738 2.080891
150 1.828133 2.093482
151 1.827355 2.094149
152 1.82702 2.108409
153 1.826528 2.087398
154 1.826036 2.099963
155 1.825877 2.082158
156 1.825536 2.094259
157 1.82513 2.08399
158 1.824608 2.089782
159 1.823949 2.091743
160 1.823597 2.084074
161 1.823396 2.093544
162 1.82318 2.094611
163 1.823096 2.096265
164 1.822756 2.065276
165 1.8226 2.075898
166 1.822304 2.087848
167 1.822126 2.065806
168 1.822018 2.09922
169 1.82196 2.099255
170 1.821643 2.081445
171 1.821531 2.080688
172 1.821352 2.078497
173 1.821168 2.081248
174 1.820999 2.077648
175 1.82095 2.089533
176 1.820723 2.075235
177 1.820547 2.098076
178 1.820417 2.080371
179 1.820257 2.068522
180 1.820208 2.085865
181 1.819987 2.078519
182 1.819918 2.086926
183 1.819716 2.066612
184 1.819687 2.091956
185 1.819617 2.081394
186 1.819555 2.09303
187 1.819439 2.084137
188 1.819406 2.067985
189 1.819301 2.077121
190 1.819176 2.091151
191 1.819008 2.081197
192 1.818908 2.091946
193 1.818704 2.074774
194 1.818597 2.086666
195 1.818502 2.083188
196 1.81841 2.091237
197 1.81836 2.077315
198 1.818279 2.081422
199 1.818043 2.083964
200 1.817938 2.085528
201 1.817577 2.07903
202 1.817545 2.082216
203 1.81748 2.081689
204 1.81745 2.097616
205 1.817396 2.076405
206 1.817307 2.086104
207 1.817174 2.076011
208 1.817084 2.071658
209 1.817062 2.084402
210 1.816953 2.090669
211 1.81686 2.080827
212 1.816706 2.07555
213 1.816665 2.106122
214 1.816558 2.07642
215 1.816373 2.084536
216 1.816329 2.078998
217 1.81632 2.082793
218 1.816319 2.075521
219 1.816227 2.085149
220 1.816196 2.081456
221 1.816054 2.075287
222 1.816042 2.083247
223 1.816003 2.064125
224 1.81598 2.084728
225 1.815917 2.094035
226 1.815896 2.097961
227 1.815882 2.081591
228 1.815882 2.08553
229 1.815814 2.059204
230 1.815778 2.073437
231 1.815742 2.08282
232 1.815699 2.092782
233 1.815667 2.098575
234 1.815643 2.068497
235 1.815594 2.073155
236 1.815468 2.102264
237 1.815438 2.081571
238 1.815417 2.087575
239 1.81537 2.066764
240 1.815329 2.070967
241 1.815273 2.083457
242 1.815209 2.077001
243 1.815195 2.084354
244 1.815128 2.085753
245 1.815092 2.076118
246 1.815031 2.062564
247 1.815011 2.074851
248 1.81496 2.081501
249 1.814898 2.065133
250 1.814865 2.096198
251 1.814742 2.073932
252 1.814709 2.085108
253 1.814702 2.062161
254 1.814687 2.080502
255 1.814645 2.08461
256 1.814599 2.069389
257 1.814591 2.113461
258 1.814586 2.092636
259 1.814571 2.082565
260 1.814566 2.065976
261 1.814562 2.064721
262 1.814518 2.064327
263 1.814464 2.067763
264 1.814451 2.064462
265 1.814433 2.072168
266 1.814408 2.094407
267 1.814379 2.100995
268 1.814372 2.07606
269 1.814371 2.094755
270 1.814365 2.082209
271 1.814334 2.078097
272 1.814297 2.09229
273 1.81427 2.084067
274 1.814251 2.070671
275 1.814231 2.095652
276 1.814208 2.081484
277 1.814208 2.075629
278 1.814179 2.073788
279 1.814127 2.080312
280 1.814093 2.086787
281 1.814063 2.072919
282 1.814024 2.070709
283 1.813989 2.091422
284 1.813989 2.092544
285 1.813961 2.065663
286 1.813943 2.073802
287 1.813896 2.074123
288 1.813884 2.077922
289 1.813875 2.08517
290 1.813858 2.063192
291 1.813837 2.087851
292 1.813765 2.083463
293 1.813732 2.083321
294 1.813731 2.089129
295 1.813721 2.081558
296 1.813695 2.068123
297 1.813678 2.072723
298 1.813676 2.091435
299 1.81367 2.091943
300 1.813641 2.097729
301 1.813637 2.083103
302 1.813619 2.078564
303 1.813599 2.097474
304 1.813584 2.079478
305 1.813541 2.105191
306 1.813537 2.067334
307 1.813507 2.082338
308 1.813466 2.070497
309 1.813441 2.077549
310 1.813423 2.073622
311 1.813414 2.08471
312 1.813409 2.079107
313 1.813401 2.1123
314 1.813381 2.098828
315 1.813362 2.079215
316 1.813327 2.064974
317 1.813325 2.070719
318 1.813317 2.071379
319 1.813301 2.080036
320 1.813282 2.084826
321 1.813263 2.073629
322 1.813257 2.072906
323 1.813253 2.070632
324 1.81323 2.071274
325 1.813228 2.087682
326 1.81322 2.077912
327 1.813204 2.075437
328 1.813192 2.08173
329 1.813183 2.083838
330 1.813169 2.084084
331 1.813164 2.090266
332 1.813162 2.081573
333 1.813155 2.085121
334 1.813151 2.080494
335 1.813148 2.083773
336 1.81314 2.090819
337 1.813132 2.091457
338 1.81313 2.071327
339 1.813121 2.092708
340 1.813107 2.076538
341 1.81309 2.075951
342 1.813089 2.083348
343 1.813072 2.100081
344 1.813057 2.08187
345 1.813035 2.076295
346 1.813015 2.091769
347 1.813009 2.064663
348 1.812999 2.06949
349 1.812995 2.087587
350 1.812986 2.063196
351 1.812973 2.084784
352 1.812967 2.07671
353 1.812941 2.073984
354 1.812941 2.09306
355 1.812936 2.072279
356 1.812928 2.075862
357 1.812916 2.078163
358 1.812914 2.078279
359 1.812864 2.080889
360 1.812846 2.084642
361 1.812834 2.086828
362 1.81283 2.064077
363 1.812823 2.087524
364 1.812795 2.094777
365 1.812746 2.07872
366 1.812745 2.06773
367 1.812732 2.109422
368 1.812727 2.06324
369 1.812703 2.076536
370 1.812694 2.071217
371 1.812684 2.075452
372 1.812669 2.101998
373 1.812663 2.076347
374 1.812653 2.065418
375 1.812643 2.063861
376 1.812625 2.086089
377 1.812621 2.09487
378 1.812616 2.092826
379 1.812606 2.085922
380 1.81259 2.07491
381 1.812583 2.090368
382 1.812568 2.086856
383 1.812567 2.092469
384 1.812567 2.071417
385 1.812533 2.074709
386 1.812522 2.069798
387 1.812502 2.074773
388 1.812495 2.081705
389 1.812487 2.083942
390 1.812484 2.081759
391 1.812477 2.079868
392 1.812477 2.087695
393 1.812477 2.082142
394 1.812471 2.076748
395 1.812471 2.089372
396 1.812446 2.078465
397 1.812446 2.08152
398 1.812443 2.071034
399 1.812442 2.074061
400 1.812438 2.077393
401 1.812431 2.075636
402 1.812428 2.091014
403 1.812421 2.0855
404 1.812416 2.084086
405 1.812402 2.091298
406 1.812397 2.093136
407 1.81239 2.085008
408 1.812379 2.064669
409 1.812364 2.080925
410 1.812356 2.057506
411 1.812356 2.0565
412 1.812342 2.075076
413 1.812336 2.079942
414 1.81233 2.078425
415 1.812329 2.084851
416 1.812321 2.088989
417 1.812307 2.094141
418 1.812305 2.069677
419 1.812303 2.088017
420 1.81227 2.084759
421 1.81227 2.05933
422 1.812267 2.074142
423 1.812267 2.074587
424 1.812261 2.061378
425 1.812256 2.092594
426 1.812249 2.081628
427 1.812243 2.093047
428 1.812242 2.083837
429 1.812242 2.069486
430 1.812241 2.057163
431 1.812238 2.082824
432 1.812235 2.079086
433 1.812229 2.091157
434 1.812226 2.078962
435 1.812217 2.091036
436 1.812212 2.102135
437 1.812209 2.076023
438 1.812195 2.064193
439 1.812193 2.072158
440 1.812191 2.078793
441 1.812183 2.050678
442 1.812168 2.076007
443 1.812161 2.09016
444 1.812151 2.084799
445 1.812151 2.065217
446 1.812146 2.076211
447 1.812146 2.081897
448 1.812146 2.101551
449 1.812144 2.072033
450 1.812142 2.073355
451 1.812138 2.066333
452 1.812135 2.085646
453 1.812126 2.089189
454 1.812116 2.089185
455 1.812116 2.082286
456 1.812116 2.085433
457 1.812111 2.103424
458 1.812109 2.059896
459 1.812106 2.095013
460 1.812102 2.096328
461 1.812099 2.084658
462 1.812098 2.073991
463 1.812098 2.075084
464 1.81209 2.092907
465 1.812085 2.077857
466 1.812085 2.076792
467 1.812084 2.096319
468 1.812083 2.054242
469 1.812082 2.089758
470 1.812079 2.06913
471 1.812079 2.070143
472 1.812077 2.072235
473 1.812077 2.074496
474 1.812075 2.070736
475 1.812074 2.08779
476 1.812072 2.076205
477 1.812072 2.079038
478 1.812071 2.080895
479 1.812063 2.086735
480 1.812062 2.08487
481 1.81206 2.076394
482 1.812055 2.058837
483 1.812053 2.052915
484 1.812047 2.09228
485 1.812037 2.08001
486 1.812036 2.087785
487 1.812027 2.085366
488 1.812021 2.086741
489 1.812017 2.077554
490 1.812017 2.072571
491 1.812016 2.074028
492 1.812015 2.102825
493 1.812014 2.077436
494 1.81201 2.070337
495 1.812005 2.110122
496 1.811984 2.075735
497 1.811981 2.069393
498 1.811981 2.058004
499 1.81198 2.080176
500 1.811979 2.077111
501 1.811976 2.089493
502 1.811976 2.04475
503 1.811972 2.08018
504 1.811972 2.088865
505 1.811971 2.083538
506 1.811971 2.071269
507 1.811969 2.067528
508 1.811968 2.071017
509 1.811968 2.070125
510 1.811966 2.065006
511 1.811964 2.071843
512 1.811961 2.102979
513 1.811958 2.079233
514 1.811958 2.098983
515 1.811956 2.068605
516 1.811956 2.084071
517 1.811949 2.083806
518 1.811949 2.062738
519 1.811945 2.075342
520 1.81194 2.068144
521 1.811934 2.096987
522 1.811931 2.077523
523 1.811928 2.079374
524 1.811909 2.084082
525 1.811908 2.082338
526 1.811907 2.075173
527 1.811905 2.074319
528 1.811904 2.093374
529 1.8119 2.10621
530 1.8119 2.077612
531 1.8119 2.078102
532 1.811898 2.089164
533 1.811897 2.094257
534 1.811897 2.098613
535 1.811897 2.072875
536 1.811893 2.104693
537 1.811888 2.074644
538 1.811887 2.079331
539 1.811881 2.08147
540 1.81188 2.091821
541 1.811878 2.067377
542 1.811876 2.090428
543 1.811872 2.068343
544 1.811869 2.074543
545 1.811868 2.096167
546 1.811866 2.069477
547 1.811865 2.106028
548 1.811859 2.075736
549 1.811859 2.076037
550 1.811857 2.099124
551 1.811857 2.075596
552 1.811856 2.060026
553 1.811853 2.07202
554 1.811851 2.068168
555 1.811848 2.073781
556 1.811847 2.079821
557 1.811844 2.071027
558 1.811841 2.092852
559 1.811841 2.074283
560 1.81184 2.071676
561 1.811836 2.105321
562 1.811836 2.093896
563 1.811835 2.080888
564 1.811835 2.081746
565 1.811832 2.082466
566 1.811832 2.089996
567 1.811828 2.112344
568 1.811826 2.06657
569 1.811824 2.063251
570 1.811823 2.063379
571 1.811823 2.107918
572 1.811823 2.090074
573 1.811823 2.085271
574 1.811821 2.074187
575 1.811821 2.072937
576 1.811821 2.090313
577 1.811821 2.07767
578 1.81182 2.07145
579 1.811819 2.064002
580 1.811819 2.067612
581 1.811817 2.081733
582 1.811817 2.086457
583 1.811808 2.088214
584 1.811799 2.094243
585 1.811796 2.089095
586 1.811796 2.07875
587 1.811794 2.072673
588 1.811792 2.078613
589 1.811792 2.081079
590 1.811791 2.098733
591 1.811787 2.084389
592 1.811787 2.090919
593 1.811783 2.07442
594 1.811782 2.076076
595 1.811781 2.097729
596 1.811781 2.104594
597 1.811781 2.066761
598 1.81178 2.075988
599 1.81178 2.078005
600 1.811779 2.084648
601 1.811775 2.095081
602 1.811774 2.072701
603 1.811772 2.087624
604 1.811771 2.068293
605 1.811769 2.060663
606 1.811769 2.092872
607 1.811768 2.077339
608 1.811767 2.086632
609 1.811767 2.088058
610 1.811766 2.086394
611 1.811766 2.071284
612 1.811763 2.067751
613 1.811762 2.074982
614 1.811762 2.081648
615 1.811759 2.073885
616 1.811759 2.087631
617 1.811749 2.074371
618 1.811748 2.083824
619 1.811744 2.090019
620 1.811743 2.053776
621 1.811743 2.090847
622 1.811741 2.08425
623 1.811738 2.066501
624 1.811737 2.104707
625 1.811733 2.084481
626 1.811733 2.10215
627 1.811733 2.083497
628 1.811733 2.086373
629 1.811733 2.053982
630 1.811732 2.088084
631 1.811732 2.091561
632 1.811731 2.085909
633 1.81173 2.086017
634 1.811729 2.092896
635 1.811729 2.082665
636 1.811729 2.09759
637 1.811729 2.096112
638 1.811729 2.080798
639 1.811729 2.08161
640 1.811726 2.090733
641 1.811723 2.065807
642 1.811723 2.077268
643 1.811722 2.080542
644 1.811722 2.081194
645 1.811721 2.07452
646 1.811721 2.086581
647 1.811718 2.091241
648 1.811716 2.064289
649 1.811716 2.063942
650 1.811716 2.069458
651 1.811716 2.099393
652 1.811715 2.06667
653 1.811712 2.080073
654 1.81171 2.077727
655 1.81171 2.068534
656 1.811709 2.073879
657 1.811708 2.092023
658 1.811708 2.089282
659 1.811707 2.080295
660 1.811707 2.073425
661 1.811706 2.061281
662 1.811705 2.067964
663 1.811704 2.080075
664 1.811704 2.068777
665 1.811701 2.085195
666 1.8117 2.110008
667 1.8117 2.075654
668 1.8117 2.082673
669 1.811699 2.069403
670 1.811697 2.081158
671 1.811697 2.084457
672 1.811692 2.066606
673 1.811691 2.092559
674 1.811691 2.075765
675 1.811688 2.081124
676 1.811688 2.085515
677 1.811685 2.075577
678 1.811682 2.061118
679 1.811681 2.075643
680 1.811681 2.069901
681 1.81168 2.084721
682 1.81168 2.075062
683 1.811679 2.073463
684 1.811679 2.057482
685 1.811676 2.066668
686 1.811676 2.079228
687 1.811676 2.083282
688 1.811676 2.063071
689 1.811676 2.073177
690 1.811673 2.075747
691 1.811671 2.073807
692 1.811667 2.082277
693 1.811667 2.080329
694 1.811666 2.081653
695 1.811666 2.082
696 1.811666 2.094327
697 1.811666 2.077633
698 1.811666 2.091582
699 1.811666 2.07174
700 1.811666 2.078349
701 1.811666 2.067149
702 1.811666 2.092237
703 1.811665 2.082226
704 1.811662 2.077051
705 1.811662 2.080464
706 1.811656 2.083757
707 1.811656 2.076567
708 1.811656 2.097057
709 1.811655 2.075963
710 1.811655 2.083041
711 1.811655 2.071753
712 1.811653 2.099015
713 1.811653 2.086406
714 1.811651 2.067033
715 1.811651 2.091123
716 1.811649 2.065538
717 1.811647 2.06827
718 1.811641 2.072096
719 1.811641 2.07518
720 1.811639 2.086801
721 1.811637 2.090975
722 1.811637 2.080023
723 1.811636 2.073062
724 1.811636 2.056363
725 1.811635 2.076781
726 1.811635 2.10094
727 1.811635 2.064672
728 1.811634 2.083664
729 1.811633 2.08367
730 1.811633 2.080472
731 1.811632 2.078755
732 1.811626 2.090262
733 1.811626 2.084279
734 1.811626 2.090351
735 1.811625 2.075259
736 1.811625 2.069713
737 1.811625 2.08871
738 1.811625 2.073099
739 1.811623 2.0711
740 1.811621 2.077992
741 1.81162 2.092917
742 1.81162 2.082261
743 1.811618 2.090938
744 1.811614 2.086102
745 1.811611 2.091206
746 1.811611 2.077751
747 1.811609 2.098996
748 1.811608 2.08389
749 1.811607 2.091273
750 1.811607 2.062049
751 1.811602 2.093404
752 1.8116 2.064414
753 1.811599 2.079758
754 1.811596 2.082407
755 1.811592 2.082399
756 1.81159 2.096839
757 1.81159 2.066002
758 1.811588 2.075537
759 1.811587 2.095213
760 1.811586 2.077345
761 1.811582 2.070493
762 1.811576 2.070441
763 1.811576 2.069025
764 1.811576 2.079828
765 1.811576 2.070016
766 1.811574 2.069964
767 1.811573 2.093468
768 1.811572 2.064983
769 1.811571 2.069377
770 1.811571 2.083808
771 1.811571 2.072855
772 1.811571 2.082429
773 1.811568 2.080256
774 1.811565 2.085252
775 1.811562 2.110369
776 1.81156 2.07542
777 1.81156 2.078297
778 1.811556 2.06814
779 1.811556 2.080894
780 1.811556 2.078486
781 1.811555 2.097756
782 1.811555 2.093712
783 1.811555 2.078974
784 1.811555 2.071254
785 1.811555 2.064397
786 1.811555 2.063789
787 1.811554 2.081786
788 1.811552 2.082663
789 1.81155 2.07016
790 1.81155 2.096606
791 1.81155 2.093293
792 1.81155 2.082031
793 1.811548 2.092505
794 1.811548 2.07851
795 1.811547 2.08599
796 1.811547 2.078886
797 1.811546 2.077985
798 1.811546 2.072389
799 1.811545 2.079716
800 1.811543 2.083809
801 1.811543 2.092611
802 1.811543 2.084152
803 1.811542 2.089701
804 1.811541 2.076351
805 1.811541 2.069609
806 1.811541 2.090666
807 1.811541 2.074
808 1.811541 2.08286
809 1.811541 2.085804
810 1.81154 2.083617
811 1.81154 2.078987
812 1.811539 2.085021
813 1.811538 2.070609
814 1.811538 2.102157
815 1.811538 2.043908
816 1.811537 2.097615
817 1.811537 2.071682
818 1.811536 2.063239
819 1.811536 2.082403
820 1.811536 2.092835
821 1.811536 2.08797
822 1.811536 2.073377
823 1.811535 2.080247
824 1.811533 2.066546
825 1.811533 2.074178
826 1.811533 2.091101
827 1.811532 2.069713
828 1.811531 2.094993
829 1.811531 2.063848
830 1.81153 2.093654
831 1.81153 2.081686
832 1.811529 2.095162
833 1.811529 2.080616
834 1.811526 2.078479
835 1.811526 2.078393
836 1.811526 2.0652
837 1.811526 2.069968
838 1.811525 2.076108
839 1.811523 2.078479
840 1.811523 2.081083
841 1.811523 2.078586
842 1.811523 2.084751
843 1.811522 2.085816
844 1.81152 2.076716
845 1.81152 2.084058
846 1.811519 2.065258
847 1.811519 2.074194
848 1.811519 2.084439
849 1.811519 2.079355
850 1.811519 2.09419
851 1.811518 2.092167
852 1.811518 2.087021
853 1.811517 2.08853
854 1.811517 2.083246
855 1.811517 2.078171
856 1.811517 2.070739
857 1.811516 2.070806
858 1.811516 2.058087
859 1.811514 2.076364
860 1.811513 2.076302
861 1.811513 2.087348
862 1.811511 2.078729
863 1.811511 2.074636
864 1.81151 2.088103
865 1.81151 2.108137
866 1.81151 2.086805
867 1.81151 2.089951
868 1.81151 2.078115
869 1.81151 2.086148
870 1.81151 2.101213
871 1.811509 2.068544
872 1.811508 2.069371
873 1.811507 2.062169
874 1.811506 2.076237
875 1.811505 2.08661
876 1.811505 2.099694
877 1.811504 2.094585
878 1.811504 2.099143
879 1.811501 2.082308
880 1.811501 2.088215
881 1.811501 2.079023
882 1.811501 2.083295
883 1.811501 2.088911
884 1.811501 2.067889
885 1.811501 2.084536
886 1.811501 2.069367
887 1.8115 2.085208
888 1.8115 2.073506
889 1.811499 2.075359
890 1.811499 2.077787
891 1.811499 2.093753
892 1.811499 2.082377
893 1.811499 2.089749
894 1.811499 2.105154
895 1.811499 2.094121
896 1.811499 2.076283
897 1.811498 2.084123
898 1.811497 2.074258
899 1.811496 2.071862
900 1.811496 2.086658
901 1.811494 2.095548
902 1.811494 2.095996
903 1.811494 2.076646
904 1.811493 2.083597
905 1.811493 2.075732
906 1.811493 2.094533
907 1.811492 2.075521
908 1.811491 2.072756
909 1.811491 2.074388
910 1.811491 2.08558
911 1.811491 2.087979
912 1.811491 2.092122
913 1.811491 2.078281
914 1.811491 2.079578
915 1.81149 2.083522
916 1.81149 2.101943
917 1.81149 2.086163
918 1.81149 2.078027
919 1.81149 2.075699
920 1.81149 2.060734
921 1.81149 2.085561
922 1.81149 2.084625
923 1.811488 2.094943
924 1.811486 2.083837
925 1.811486 2.081612
926 1.811486 2.077212
927 1.811486 2.073674
928 1.811486 2.084101
929 1.811486 2.072862
930 1.811486 2.071476
931 1.811486 2.088251
932 1.811483 2.078422
933 1.811483 2.096234
934 1.811483 2.080879
935 1.811483 2.075385
936 1.811483 2.073177
937 1.811483 2.066173
938 1.811483 2.087373
939 1.811482 2.086489
940 1.811482 2.079748
941 1.811482 2.090682
942 1.811481 2.078623
943 1.811481 2.074743
944 1.811481 2.07104
945 1.81148 2.073874
946 1.811479 2.075025
947 1.811478 2.079381
948 1.811477 2.074672
949 1.811477 2.074419
950 1.811477 2.07572
951 1.811477 2.062172
952 1.811477 2.067826
953 1.811477 2.064034
954 1.811476 2.077029
955 1.811476 2.085734
956 1.811476 2.081189
957 1.811476 2.083399
958 1.811476 2.080786
959 1.811476 2.084868
960 1.811476 2.067622
961 1.811476 2.077106
962 1.811476 2.099652
963 1.811476 2.06885
964 1.811475 2.068519
965 1.811475 2.07875
966 1.811475 2.088703
967 1.811475 2.08405
968 1.811474 2.089911
969 1.811473 2.066592
970 1.811473 2.067271
971 1.811473 2.077256
972 1.811473 2.09107
973 1.811473 2.0723
974 1.811473 2.090988
975 1.811473 2.074286
976 1.811471 2.083106
977 1.811471 2.048427
978 1.811471 2.085677
979 1.811471 2.097604
980 1.811471 2.109314
981 1.811468 2.090223
982 1.811468 2.076972
983 1.811468 2.088757
984 1.811468 2.091236
985 1.811468 2.094686
986 1.811466 2.063774
987 1.811466 2.095836
988 1.811465 2.060935
989 1.811465 2.095506
990 1.811464 2.065123
991 1.811462 2.084321
992 1.811462 2.066514
993 1.811462 2.082996
994 1.811462 2.072474
995 1.811461 2.071056
996 1.811461 2.088299
997 1.811461 2.072742
998 1.81146 2.096287
999 1.81146 2.055516

