StartPoint = (0, 5)
EndPoint = (10, 0)
N Points = 20
Selection = Tournament
Tournament Size = 5
NCrossings = 4
NGenerations = 1000
PopulationSize = 100
MutationProb = 0.5
CrossoverProb = 0.9
MutationType = Random
Elistic = 40


Best Result(mean): 2.312046

0 4.891086 7.936034
1 4.164588 6.907386
2 3.901164 6.438725
3 3.698828 6.204419
4 3.612226 6.041041
5 3.504539 6.009131
6 3.455016 5.921326
7 3.387316 5.864511
8 3.367343 5.831841
9 3.29867 5.818425
10 3.241764 5.786359
11 3.183098 5.758113
12 3.172421 5.680907
13 3.139755 5.626436
14 3.135201 5.608387
15 3.130358 5.54464
16 3.130358 5.504511
17 3.113895 5.532584
18 3.109728 5.530936
19 3.095228 5.4828
20 3.061483 5.473121
21 3.06133 5.470693
22 3.021809 5.467424
23 3.00036 5.432614
24 2.975323 5.434116
25 2.969185 5.442632
26 2.927548 5.41841
27 2.923098 5.400828
28 2.922684 5.400499
29 2.914033 5.38933
30 2.90143 5.415687
31 2.90143 5.364994
32 2.891135 5.398894
33 2.874954 5.358182
34 2.871401 5.346683
35 2.859034 5.325366
36 2.858197 5.297274
37 2.84256 5.254919
38 2.839184 5.338917
39 2.804648 5.270945
40 2.798982 5.278729
41 2.798982 5.245082
42 2.798982 5.283312
43 2.786608 5.225576
44 2.779382 5.25621
45 2.778628 5.222255
46 2.776069 5.155715
47 2.776042 5.175833
48 2.772368 5.169231
49 2.76589 5.200729
50 2.755558 5.163176
51 2.744732 5.186009
52 2.742142 5.211617
53 2.742142 5.195786
54 2.742142 5.162055
55 2.739151 5.170195
56 2.739151 5.169126
57 2.732606 5.132605
58 2.732606 5.137063
59 2.720708 5.142346
60 2.720708 5.130629
61 2.717635 5.098114
62 2.717635 5.07883
63 2.717635 5.094412
64 2.713981 5.073251
65 2.711497 5.072076
66 2.699764 5.105809
67 2.699764 5.128916
68 2.699764 5.139488
69 2.699764 5.112223
70 2.695599 5.10066
71 2.694566 5.100833
72 2.689659 5.090394
73 2.682405 5.122358
74 2.682405 5.087782
75 2.680084 5.087176
76 2.673708 5.076061
77 2.672505 5.076219
78 2.672261 5.078211
79 2.659041 5.105696
80 2.659041 5.062086
81 2.659041 5.061693
82 2.656255 5.078268
83 2.650957 5.079966
84 2.650957 5.097879
85 2.650957 5.066099
86 2.650957 5.081467
87 2.650957 5.080015
88 2.650957 5.085387
89 2.650957 5.072869
90 2.646261 5.093707
91 2.646261 5.089939
92 2.643509 5.119729
93 2.630856 5.10576
94 2.629788 5.044639
95 2.629788 5.066681
96 2.622046 5.07441
97 2.622046 5.065269
98 2.619409 5.073619
99 2.619409 5.098909
100 2.619409 5.075595
101 2.619409 5.064168
102 2.619409 5.065217
103 2.619409 5.065428
104 2.619409 5.033506
105 2.619228 5.081841
106 2.619228 5.042783
107 2.606959 5.080878
108 2.606959 5.049445
109 2.606959 5.079804
110 2.606959 5.064574
111 2.605525 5.056991
112 2.605525 5.07236
113 2.605525 5.08393
114 2.604976 5.024211
115 2.603352 5.055338
116 2.603352 5.061938
117 2.603352 5.067828
118 2.600822 5.046882
119 2.600822 5.014918
120 2.598688 5.049048
121 2.598688 5.052701
122 2.598688 5.039314
123 2.596947 5.059152
124 2.591824 5.041576
125 2.591824 5.042519
126 2.584178 5.033731
127 2.584178 5.050912
128 2.584178 5.082117
129 2.583062 5.034156
130 2.58009 5.048689
131 2.58009 5.105581
132 2.58009 5.075717
133 2.579609 5.049318
134 2.579609 5.077873
135 2.579609 5.020253
136 2.579609 5.059736
137 2.579609 5.078294
138 2.578593 5.077255
139 2.578593 5.099558
140 2.574241 5.064021
141 2.574241 5.094566
142 2.574241 5.072253
143 2.574241 5.069509
144 2.574241 5.073856
145 2.574241 5.027907
146 2.574241 5.050066
147 2.574241 5.067996
148 2.574241 5.066907
149 2.573142 5.055789
150 2.573142 5.068003
151 2.573142 5.05368
152 2.573142 5.081719
153 2.573142 5.065148
154 2.573142 5.100678
155 2.57219 5.059736
156 2.560613 5.033905
157 2.557902 5.020309
158 2.557902 5.048353
159 2.557902 5.072212
160 2.557902 5.083878
161 2.557902 5.047329
162 2.557902 5.050477
163 2.557902 5.078658
164 2.557902 5.055283
165 2.557902 5.049198
166 2.557902 5.058754
167 2.555505 5.026432
168 2.555505 5.06542
169 2.555505 5.057253
170 2.555505 5.019659
171 2.553702 5.069463
172 2.553702 5.034579
173 2.553702 5.091012
174 2.552398 5.023984
175 2.552398 5.068436
176 2.551715 5.054281
177 2.551715 5.031611
178 2.551715 5.046863
179 2.550284 5.026981
180 2.550284 5.001225
181 2.550284 4.981724
182 2.54912 4.985856
183 2.542147 5.009458
184 2.539224 5.008128
185 2.537403 4.988576
186 2.531914 4.999599
187 2.531914 4.990742
188 2.531914 4.958539
189 2.531914 5.008301
190 2.527912 4.985359
191 2.527912 4.976737
192 2.527912 5.030944
193 2.527912 5.004176
194 2.527912 4.996885
195 2.527912 5.028485
196 2.527912 5.002811
197 2.52226 4.977258
198 2.52226 4.992019
199 2.52226 5.044104
200 2.519354 5.010328
201 2.519354 4.997092
202 2.519354 5.039893
203 2.519354 4.970269
204 2.519354 5.020239
205 2.518162 5.023059
206 2.518162 5.02448
207 2.518162 5.024891
208 2.518162 5.022939
209 2.518162 5.03995
210 2.518162 5.00762
211 2.518162 5.048839
212 2.518162 5.057084
213 2.517285 5.019636
214 2.517285 5.052204
215 2.517285 5.029223
216 2.517285 5.012976
217 2.516332 5.079266
218 2.516332 5.019495
219 2.516332 5.002375
220 2.516332 5.072829
221 2.516332 5.047183
222 2.512119 5.018618
223 2.512119 5.009509
224 2.512119 5.044329
225 2.512119 5.020682
226 2.511933 5.056551
227 2.511933 5.045877
228 2.51143 5.019299
229 2.51143 5.046155
230 2.51143 5.040364
231 2.509095 5.054656
232 2.509095 5.048592
233 2.5079 5.037142
234 2.5079 5.046729
235 2.5079 5.043407
236 2.5079 5.02932
237 2.5079 5.013084
238 2.506414 5.005258
239 2.505281 4.99269
240 2.505281 5.01802
241 2.505281 5.028499
242 2.505281 5.026055
243 2.505281 5.060312
244 2.505281 5.018906
245 2.505281 4.990261
246 2.505281 5.020805
247 2.505281 5.022218
248 2.505281 5.014646
249 2.503981 5.005733
250 2.503981 5.023333
251 2.503981 5.065577
252 2.503981 5.020813
253 2.503981 5.047442
254 2.503981 5.043872
255 2.503981 5.055182
256 2.503981 5.045493
257 2.501112 4.993527
258 2.501112 5.015974
259 2.498229 5.048596
260 2.494068 5.044205
261 2.494068 5.027037
262 2.494068 5.027075
263 2.494068 5.041211
264 2.493136 5.028258
265 2.493136 5.042387
266 2.491437 5.017152
267 2.491437 5.017714
268 2.491437 5.018233
269 2.491437 5.035106
270 2.491437 5.042969
271 2.491437 5.011806
272 2.491437 5.060836
273 2.491437 5.049505
274 2.491437 5.001208
275 2.488358 4.990313
276 2.488358 5.023458
277 2.488358 4.994723
278 2.488358 5.044581
279 2.4879 5.034945
280 2.4879 5.026014
281 2.487531 5.020628
282 2.483724 5.031056
283 2.483724 5.017625
284 2.483724 5.009246
285 2.482482 5.056648
286 2.482482 5.034309
287 2.482482 4.994832
288 2.482482 4.971441
289 2.482482 5.028002
290 2.479144 4.984809
291 2.479144 5.010965
292 2.479144 4.999425
293 2.479144 4.974365
294 2.479144 5.001971
295 2.479144 4.988268
296 2.479144 4.946376
297 2.479144 5.01574
298 2.474089 5.001344
299 2.474089 4.98693
300 2.474089 4.964853
301 2.474089 5.004419
302 2.474089 4.964084
303 2.474089 4.980284
304 2.474089 4.992492
305 2.468447 5.023828
306 2.468447 4.986331
307 2.468447 5.01101
308 2.468447 4.979986
309 2.468447 4.948447
310 2.468447 4.994303
311 2.468447 4.965104
312 2.467519 4.983899
313 2.467519 4.968066
314 2.463359 4.991005
315 2.463359 4.952598
316 2.463359 4.958313
317 2.463359 4.918444
318 2.463359 4.937074
319 2.462668 4.928898
320 2.462249 4.962974
321 2.462249 4.947602
322 2.462249 4.971388
323 2.462249 4.915438
324 2.462249 4.955788
325 2.462249 4.931455
326 2.462249 4.945197
327 2.462249 4.949981
328 2.458339 4.923984
329 2.453105 4.952003
330 2.453105 4.916099
331 2.453105 4.952401
332 2.453105 4.910094
333 2.453105 4.932922
334 2.453105 4.950093
335 2.449409 4.97635
336 2.449409 4.940967
337 2.449409 4.928277
338 2.449409 4.937068
339 2.44743 4.971823
340 2.44743 4.897677
341 2.44743 4.954465
342 2.44743 4.883372
343 2.44509 4.922074
344 2.44509 4.987793
345 2.44509 4.905144
346 2.44509 4.947364
347 2.44509 4.930299
348 2.44509 4.945735
349 2.44509 4.915461
350 2.44509 4.956599
351 2.44509 4.924046
352 2.44509 4.921335
353 2.444251 4.954194
354 2.443343 4.922023
355 2.443343 4.923477
356 2.443153 4.929472
357 2.443153 4.967148
358 2.443153 4.935073
359 2.443153 4.958239
360 2.443153 4.919326
361 2.443153 4.938802
362 2.441161 4.956796
363 2.441161 4.929404
364 2.441161 4.910472
365 2.441161 4.90995
366 2.441161 4.893691
367 2.441161 4.911744
368 2.437585 4.903024
369 2.437585 4.875381
370 2.437585 4.91974
371 2.437585 4.914821
372 2.437585 4.960037
373 2.437585 4.910623
374 2.437585 4.901701
375 2.437585 4.952301
376 2.436611 4.882827
377 2.436611 4.944483
378 2.436611 4.948263
379 2.436611 4.932655
380 2.436135 4.928841
381 2.436135 4.926245
382 2.436135 4.934699
383 2.436135 4.940989
384 2.436135 4.918525
385 2.436135 4.909738
386 2.436135 4.90331
387 2.436135 4.905962
388 2.434638 4.909635
389 2.434638 4.905892
390 2.434638 4.920706
391 2.434638 4.9209
392 2.434638 4.934016
393 2.434638 4.944863
394 2.434638 4.910463
395 2.434638 4.913844
396 2.434638 4.909139
397 2.434109 4.906355
398 2.434109 4.925474
399 2.434109 4.920627
400 2.434109 4.885137
401 2.434109 4.918159
402 2.434109 4.916456
403 2.433773 4.930644
404 2.433773 4.89995
405 2.433447 4.900255
406 2.429467 4.89357
407 2.429467 4.88678
408 2.429467 4.882695
409 2.429467 4.876454
410 2.429467 4.90231
411 2.429467 4.880613
412 2.429467 4.877255
413 2.429467 4.906359
414 2.429467 4.867801
415 2.429467 4.896855
416 2.429467 4.9054
417 2.427069 4.877198
418 2.427069 4.893268
419 2.427069 4.897691
420 2.427069 4.921031
421 2.427069 4.860834
422 2.427069 4.872748
423 2.423186 4.882414
424 2.423186 4.872633
425 2.423186 4.903962
426 2.423186 4.878538
427 2.422829 4.891429
428 2.422829 4.880324
429 2.422829 4.88305
430 2.422829 4.874469
431 2.422829 4.871098
432 2.422829 4.867099
433 2.422829 4.854458
434 2.422829 4.874397
435 2.422829 4.89862
436 2.422829 4.821263
437 2.422829 4.869815
438 2.422829 4.885266
439 2.422574 4.862962
440 2.422574 4.882274
441 2.422574 4.868664
442 2.422221 4.876623
443 2.422221 4.906676
444 2.422221 4.910004
445 2.422221 4.85215
446 2.422221 4.909205
447 2.420874 4.90606
448 2.420874 4.88503
449 2.418586 4.877341
450 2.418586 4.882646
451 2.418586 4.853238
452 2.418118 4.9287
453 2.418118 4.894327
454 2.418118 4.870852
455 2.418118 4.945076
456 2.418118 4.907145
457 2.418118 4.885804
458 2.418118 4.930081
459 2.418118 4.899617
460 2.418118 4.924818
461 2.418118 4.925459
462 2.418118 4.923295
463 2.418118 4.893878
464 2.416248 4.891025
465 2.41466 4.908246
466 2.41466 4.955343
467 2.41466 4.971544
468 2.41466 4.854947
469 2.41466 4.919871
470 2.41466 4.89861
471 2.41466 4.954821
472 2.41466 4.931473
473 2.41466 4.886941
474 2.41466 4.961007
475 2.41466 4.950005
476 2.413455 4.927008
477 2.413455 4.919181
478 2.413455 4.913871
479 2.413455 4.919944
480 2.413455 4.908815
481 2.413455 4.906809
482 2.413455 4.923174
483 2.413455 4.902849
484 2.413455 4.940195
485 2.412885 4.887012
486 2.412885 4.924685
487 2.412885 4.896973
488 2.412885 4.879216
489 2.412885 4.898607
490 2.412885 4.900177
491 2.412885 4.903608
492 2.412885 4.915353
493 2.412885 4.875207
494 2.412885 4.927599
495 2.412885 4.93374
496 2.409865 4.911269
497 2.409865 4.900033
498 2.409865 4.900294
499 2.409865 4.877505
500 2.409865 4.901277
501 2.409865 4.856939
502 2.409865 4.889375
503 2.409865 4.895905
504 2.409865 4.890509
505 2.409865 4.891661
506 2.406471 4.874643
507 2.406471 4.843824
508 2.406471 4.842158
509 2.406471 4.892497
510 2.406471 4.886595
511 2.406471 4.909105
512 2.406471 4.921518
513 2.406471 4.928774
514 2.406471 4.863229
515 2.406471 4.901772
516 2.406471 4.939806
517 2.406471 4.858931
518 2.406471 4.864538
519 2.406471 4.862512
520 2.406471 4.87024
521 2.406471 4.906181
522 2.406471 4.916754
523 2.406471 4.864383
524 2.399772 4.919998
525 2.399772 4.876991
526 2.399772 4.890099
527 2.39806 4.917305
528 2.39806 4.871873
529 2.39806 4.930464
530 2.39806 4.876778
531 2.39806 4.851907
532 2.39806 4.908129
533 2.39806 4.927389
534 2.39806 4.868528
535 2.39806 4.90887
536 2.39806 4.881584
537 2.397246 4.901297
538 2.396912 4.855091
539 2.396912 4.901795
540 2.396912 4.899957
541 2.394813 4.90982
542 2.394813 4.886648
543 2.394813 4.867041
544 2.394813 4.877725
545 2.391394 4.897282
546 2.391394 4.872578
547 2.391394 4.887187
548 2.391394 4.857872
549 2.391394 4.844859
550 2.391394 4.843345
551 2.391394 4.890935
552 2.391394 4.901705
553 2.391394 4.859019
554 2.391394 4.876111
555 2.391394 4.843024
556 2.391394 4.855046
557 2.390717 4.896722
558 2.390717 4.850456
559 2.390717 4.887297
560 2.389769 4.886769
561 2.389769 4.848944
562 2.389769 4.881856
563 2.389769 4.860165
564 2.389769 4.872553
565 2.389769 4.870828
566 2.389769 4.889728
567 2.389769 4.865921
568 2.387556 4.902835
569 2.387556 4.883695
570 2.387556 4.904142
571 2.387556 4.885416
572 2.384835 4.836659
573 2.384835 4.864828
574 2.384835 4.918101
575 2.384835 4.830658
576 2.384835 4.85121
577 2.384835 4.859282
578 2.384835 4.893236
579 2.384835 4.894967
580 2.384835 4.918812
581 2.384835 4.884641
582 2.384835 4.887661
583 2.384835 4.849769
584 2.384835 4.847435
585 2.384835 4.853145
586 2.384835 4.846223
587 2.384835 4.886804
588 2.378846 4.897995
589 2.378846 4.87056
590 2.378846 4.860915
591 2.378846 4.896681
592 2.378596 4.878939
593 2.378596 4.879375
594 2.378596 4.855652
595 2.378596 4.874649
596 2.378596 4.835737
597 2.378596 4.860416
598 2.378596 4.888354
599 2.378596 4.88776
600 2.378596 4.910159
601 2.378596 4.870473
602 2.378596 4.892178
603 2.378596 4.852997
604 2.378596 4.873871
605 2.378596 4.886628
606 2.378596 4.878
607 2.378099 4.863258
608 2.377217 4.866971
609 2.377217 4.87876
610 2.377217 4.911751
611 2.377217 4.873003
612 2.376256 4.886493
613 2.376256 4.895502
614 2.376256 4.870744
615 2.376256 4.869492
616 2.376256 4.874417
617 2.376256 4.885309
618 2.376256 4.90058
619 2.376256 4.897869
620 2.376256 4.896662
621 2.376256 4.922239
622 2.376256 4.891143
623 2.376256 4.843
624 2.375281 4.85468
625 2.375281 4.94808
626 2.375281 4.843677
627 2.375281 4.901095
628 2.375281 4.888035
629 2.375281 4.891447
630 2.375281 4.863654
631 2.375281 4.915604
632 2.3727 4.888956
633 2.3727 4.887406
634 2.3727 4.878612
635 2.3727 4.872802
636 2.3727 4.904078
637 2.3727 4.878836
638 2.3727 4.903479
639 2.3727 4.901621
640 2.3727 4.888177
641 2.3727 4.917134
642 2.3727 4.860884
643 2.3727 4.87766
644 2.3727 4.853146
645 2.3727 4.887334
646 2.3727 4.917693
647 2.3727 4.893844
648 2.3727 4.843879
649 2.3727 4.913114
650 2.3727 4.878051
651 2.3727 4.892126
652 2.3727 4.86299
653 2.3727 4.880861
654 2.3727 4.875065
655 2.3727 4.884179
656 2.3727 4.87968
657 2.3727 4.926246
658 2.3727 4.883409
659 2.3727 4.931528
660 2.3727 4.883122
661 2.3727 4.896565
662 2.369918 4.890322
663 2.369918 4.85602
664 2.369918 4.876992
665 2.369918 4.885425
666 2.369918 4.870242
667 2.369918 4.911101
668 2.369918 4.832654
669 2.369918 4.872752
670 2.369775 4.927757
671 2.369775 4.858356
672 2.368607 4.887823
673 2.368607 4.866437
674 2.368607 4.879046
675 2.368607 4.877462
676 2.366433 4.877389
677 2.366433 4.869722
678 2.365936 4.893786
679 2.365314 4.879771
680 2.365314 4.839922
681 2.365314 4.845355
682 2.365314 4.872429
683 2.365226 4.892991
684 2.365226 4.866905
685 2.365226 4.883546
686 2.3652 4.832954
687 2.364962 4.883118
688 2.364962 4.912449
689 2.364962 4.86619
690 2.364962 4.859899
691 2.361271 4.850265
692 2.358899 4.865465
693 2.358899 4.872819
694 2.358494 4.889635
695 2.358494 4.82086
696 2.358494 4.858615
697 2.35809 4.83668
698 2.35809 4.813264
699 2.35809 4.864465
700 2.35809 4.857673
701 2.35809 4.843383
702 2.35809 4.858239
703 2.35809 4.849983
704 2.35809 4.859864
705 2.35809 4.863975
706 2.35809 4.867723
707 2.35809 4.81615
708 2.35809 4.871583
709 2.35787 4.860218
710 2.35787 4.868944
711 2.35787 4.859115
712 2.35779 4.856427
713 2.35779 4.858462
714 2.357658 4.831605
715 2.357658 4.802105
716 2.357658 4.839019
717 2.357658 4.86954
718 2.357658 4.81563
719 2.357272 4.874407
720 2.357272 4.871253
721 2.357272 4.84258
722 2.357272 4.840273
723 2.357272 4.861689
724 2.357272 4.847762
725 2.354941 4.844385
726 2.354941 4.859977
727 2.352405 4.827442
728 2.352405 4.828903
729 2.352405 4.810936
730 2.352405 4.837343
731 2.351646 4.834751
732 2.351646 4.824126
733 2.351646 4.830812
734 2.351646 4.826493
735 2.351528 4.846628
736 2.351528 4.830233
737 2.351528 4.814513
738 2.351528 4.850897
739 2.351528 4.781276
740 2.351528 4.824269
741 2.351528 4.834936
742 2.351233 4.808462
743 2.351233 4.801691
744 2.351233 4.826062
745 2.351233 4.832358
746 2.351233 4.834208
747 2.351233 4.814399
748 2.351233 4.818339
749 2.351225 4.837853
750 2.351225 4.841961
751 2.349134 4.849037
752 2.349134 4.868789
753 2.349134 4.820845
754 2.349134 4.802519
755 2.34765 4.82771
756 2.34765 4.807867
757 2.34765 4.796951
758 2.34765 4.845918
759 2.34765 4.802028
760 2.34765 4.809038
761 2.34765 4.837506
762 2.34765 4.771449
763 2.34765 4.784964
764 2.34765 4.797597
765 2.34765 4.821697
766 2.34765 4.822637
767 2.34765 4.833691
768 2.34765 4.796331
769 2.34765 4.820892
770 2.34765 4.793714
771 2.345682 4.79635
772 2.345682 4.80782
773 2.345682 4.832425
774 2.34261 4.802903
775 2.341283 4.822974
776 2.341283 4.781891
777 2.341283 4.829051
778 2.341283 4.82503
779 2.341283 4.843621
780 2.341283 4.80266
781 2.341283 4.806476
782 2.341283 4.827168
783 2.341283 4.802871
784 2.341283 4.786346
785 2.341283 4.801344
786 2.341283 4.803709
787 2.341283 4.847547
788 2.340236 4.80208
789 2.340236 4.844563
790 2.340158 4.772372
791 2.33933 4.787915
792 2.337818 4.788249
793 2.337818 4.780644
794 2.337255 4.772695
795 2.337255 4.802058
796 2.337255 4.805835
797 2.337255 4.770323
798 2.337255 4.780133
799 2.337255 4.796363
800 2.337255 4.759283
801 2.337255 4.787492
802 2.337255 4.787023
803 2.337255 4.833893
804 2.337255 4.832853
805 2.337255 4.823251
806 2.337255 4.765575
807 2.337255 4.805832
808 2.337255 4.803498
809 2.337255 4.786747
810 2.337255 4.809937
811 2.337255 4.80879
812 2.337255 4.811515
813 2.337255 4.79094
814 2.337255 4.812352
815 2.337255 4.80723
816 2.337255 4.771586
817 2.337255 4.791221
818 2.337255 4.82159
819 2.336515 4.793926
820 2.336515 4.781067
821 2.336515 4.789619
822 2.335261 4.751975
823 2.335261 4.794862
824 2.335261 4.762074
825 2.333841 4.765178
826 2.333841 4.806807
827 2.333841 4.80725
828 2.332178 4.778671
829 2.332178 4.793009
830 2.332178 4.786066
831 2.332178 4.808858
832 2.332178 4.766469
833 2.332178 4.79664
834 2.332178 4.812812
835 2.332178 4.770447
836 2.332178 4.818452
837 2.332178 4.812665
838 2.332178 4.805287
839 2.332178 4.767507
840 2.332178 4.827874
841 2.332178 4.790514
842 2.332178 4.805727
843 2.332178 4.795579
844 2.332178 4.755052
845 2.332178 4.765109
846 2.332178 4.776985
847 2.332178 4.755576
848 2.332178 4.774223
849 2.332178 4.820414
850 2.332178 4.776552
851 2.332178 4.798652
852 2.332178 4.801702
853 2.332178 4.769351
854 2.332178 4.780991
855 2.332178 4.813061
856 2.332135 4.768839
857 2.332135 4.788248
858 2.332135 4.779907
859 2.332135 4.76322
860 2.332135 4.758207
861 2.332135 4.80141
862 2.332135 4.795836
863 2.332135 4.79757
864 2.332135 4.763062
865 2.332135 4.75258
866 2.330494 4.799397
867 2.330494 4.784037
868 2.330494 4.75369
869 2.329989 4.771311
870 2.329989 4.816109
871 2.329989 4.760404
872 2.329989 4.802923
873 2.329989 4.797941
874 2.329989 4.80229
875 2.329989 4.713651
876 2.329989 4.789338
877 2.329989 4.765407
878 2.329989 4.783831
879 2.329989 4.779335
880 2.329989 4.78913
881 2.329989 4.759941
882 2.329989 4.764829
883 2.329989 4.751738
884 2.329989 4.813746
885 2.329989 4.796694
886 2.329989 4.770234
887 2.328967 4.725111
888 2.328967 4.77069
889 2.328967 4.782285
890 2.328967 4.787814
891 2.328967 4.764692
892 2.328941 4.769351
893 2.328941 4.79155
894 2.328941 4.781279
895 2.328941 4.797443
896 2.328941 4.767613
897 2.328941 4.766222
898 2.328941 4.743482
899 2.328941 4.774833
900 2.328941 4.765319
901 2.328941 4.778749
902 2.322373 4.799188
903 2.321886 4.739657
904 2.321886 4.785455
905 2.321886 4.803583
906 2.321886 4.79511
907 2.321886 4.764752
908 2.321886 4.78741
909 2.321886 4.814538
910 2.31887 4.825005
911 2.31887 4.760966
912 2.31887 4.826397
913 2.31887 4.771566
914 2.31887 4.784804
915 2.31887 4.805173
916 2.31887 4.80438
917 2.31887 4.800279
918 2.31887 4.781128
919 2.31887 4.759696
920 2.31887 4.790447
921 2.31887 4.757201
922 2.31868 4.79647
923 2.31868 4.79525
924 2.31868 4.782137
925 2.31868 4.790605
926 2.31868 4.782455
927 2.31868 4.807818
928 2.31868 4.773096
929 2.31868 4.807604
930 2.31868 4.773694
931 2.31868 4.778487
932 2.31868 4.838824
933 2.31868 4.795599
934 2.31868 4.800096
935 2.31868 4.770253
936 2.31868 4.765558
937 2.31868 4.752667
938 2.31868 4.744359
939 2.31868 4.750415
940 2.31868 4.798272
941 2.31868 4.772977
942 2.31868 4.803489
943 2.31868 4.764119
944 2.31868 4.759142
945 2.31868 4.829686
946 2.31868 4.80101
947 2.318466 4.73044
948 2.318466 4.755122
949 2.318466 4.799691
950 2.318466 4.750108
951 2.317893 4.762101
952 2.317893 4.827507
953 2.317893 4.788406
954 2.317893 4.809596
955 2.314865 4.769171
956 2.314865 4.769032
957 2.314533 4.796138
958 2.314533 4.809601
959 2.314533 4.78266
960 2.314533 4.810064
961 2.314533 4.824616
962 2.314533 4.780223
963 2.314533 4.795358
964 2.314533 4.791767
965 2.314533 4.760462
966 2.314533 4.799655
967 2.314533 4.796884
968 2.314533 4.780145
969 2.314533 4.795759
970 2.314533 4.755248
971 2.314533 4.793764
972 2.314533 4.76776
973 2.312415 4.785254
974 2.312415 4.802396
975 2.312415 4.798007
976 2.312415 4.789712
977 2.312415 4.75911
978 2.312415 4.779468
979 2.312386 4.792034
980 2.312386 4.74456
981 2.312386 4.794761
982 2.312386 4.816244
983 2.312386 4.767286
984 2.312386 4.793741
985 2.312386 4.784058
986 2.312046 4.786169
987 2.312046 4.749471
988 2.312046 4.827516
989 2.312046 4.803257
990 2.312046 4.795807
991 2.312046 4.797406
992 2.312046 4.812403
993 2.312046 4.767138
994 2.312046 4.813793
995 2.312046 4.811729
996 2.312046 4.77319
997 2.312046 4.801795
998 2.312046 4.78302
999 2.312046 4.768729

