StartPoint = (0, 5)
EndPoint = (10, 0)
N Points = 20
Selection = Tournament
Tournament Size = 5
NCrossings = 4
NGenerations = 1000
PopulationSize = 40
MutationProb = 0.1
CrossoverProb = 0.3
MutationType = Random
Elistic = 1


Best Result(mean): 1.813852

0 5.224525 7.851945
1 4.046842 6.065312
2 3.628504 5.655861
3 3.261763 5.493513
4 3.04038 5.596133
5 2.916634 5.691828
6 2.862236 5.72649
7 2.78286 5.65087
8 2.715889 5.656124
9 2.666115 5.643446
10 2.619396 5.79608
11 2.572223 5.751984
12 2.556451 5.777624
13 2.518733 5.574555
14 2.501418 5.68284
15 2.481276 5.701763
16 2.459892 5.630334
17 2.440689 5.662329
18 2.423046 5.569281
19 2.410454 5.679896
20 2.401435 5.601121
21 2.396058 5.661355
22 2.383209 5.639737
23 2.373414 5.628711
24 2.36181 5.626267
25 2.355384 5.568769
26 2.344999 5.509036
27 2.340749 5.489644
28 2.33256 5.566602
29 2.321801 5.533872
30 2.316783 5.469109
31 2.311946 5.561589
32 2.30971 5.521378
33 2.305182 5.553808
34 2.301699 5.514742
35 2.298501 5.369233
36 2.296867 5.375391
37 2.29463 5.493604
38 2.292063 5.390666
39 2.287383 5.54886
40 2.284084 5.445533
41 2.282045 5.377476
42 2.278846 5.416989
43 2.273559 5.364821
44 2.267422 5.308722
45 2.261299 5.414884
46 2.259654 5.286687
47 2.257204 5.234467
48 2.251972 5.264063
49 2.249838 5.257457
50 2.248508 5.188894
51 2.245615 5.207562
52 2.244382 5.296837
53 2.241356 5.299505
54 2.23957 4.983298
55 2.236708 5.142175
56 2.23286 5.161192
57 2.229379 5.047823
58 2.224914 5.180115
59 2.221814 4.964948
60 2.220932 4.997412
61 2.219222 5.034235
62 2.215819 4.936028
63 2.213129 4.954315
64 2.211745 4.934319
65 2.209046 4.847116
66 2.206691 4.719837
67 2.204773 4.841714
68 2.202497 4.9379
69 2.199009 4.754857
70 2.196499 4.776333
71 2.195109 4.681628
72 2.194181 4.714528
73 2.186979 4.685792
74 2.185215 4.775523
75 2.182292 4.697624
76 2.17966 4.748778
77 2.178218 4.658278
78 2.176454 4.502687
79 2.170583 4.455174
80 2.167655 4.494768
81 2.16632 4.467141
82 2.164045 4.60875
83 2.16203 4.425006
84 2.157245 4.58693
85 2.155673 4.479748
86 2.148943 4.370286
87 2.146569 4.474999
88 2.144036 4.389938
89 2.141544 4.388727
90 2.139757 4.401965
91 2.13927 4.286737
92 2.139031 4.280344
93 2.13517 4.188949
94 2.133999 4.172407
95 2.131602 4.266212
96 2.129655 4.187226
97 2.127696 4.196966
98 2.126526 4.190438
99 2.122083 4.047373
100 2.120284 4.055267
101 2.116461 4.071891
102 2.11348 4.055829
103 2.110858 3.996274
104 2.109002 3.960121
105 2.106853 4.061216
106 2.101643 3.9326
107 2.09833 3.948887
108 2.095455 3.960361
109 2.094922 3.924563
110 2.093856 4.120656
111 2.092673 3.907182
112 2.090077 3.915113
113 2.089074 3.844081
114 2.087535 3.86671
115 2.084667 3.804284
116 2.082331 4.01403
117 2.0816 3.88545
118 2.079128 3.957942
119 2.077184 3.915532
120 2.073454 3.797202
121 2.071204 3.880668
122 2.069853 3.831852
123 2.066649 3.860465
124 2.065034 3.710995
125 2.060922 3.768569
126 2.060551 3.684477
127 2.058597 3.828021
128 2.056633 3.703865
129 2.056036 3.680203
130 2.054625 3.65821
131 2.050246 3.66515
132 2.048571 3.701721
133 2.0464 3.705485
134 2.043627 3.600214
135 2.041542 3.588315
136 2.039672 3.581799
137 2.038529 3.537778
138 2.035678 3.605647
139 2.03356 3.4698
140 2.030793 3.552946
141 2.02931 3.542674
142 2.027522 3.478872
143 2.024981 3.523085
144 2.022539 3.498438
145 2.020538 3.537931
146 2.018204 3.609859
147 2.017427 3.545227
148 2.01545 3.53473
149 2.014264 3.580138
150 2.013031 3.424257
151 2.010936 3.430302
152 2.009482 3.435622
153 2.008543 3.478968
154 2.007753 3.452876
155 2.004742 3.383175
156 2.003544 3.437182
157 2.002914 3.314002
158 2.002086 3.355483
159 2.000458 3.383915
160 1.998383 3.292164
161 1.997537 3.320187
162 1.995569 3.287667
163 1.992798 3.295973
164 1.990861 3.388353
165 1.990362 3.340052
166 1.988845 3.267708
167 1.987152 3.283463
168 1.986592 3.259798
169 1.984856 3.224063
170 1.983402 3.244929
171 1.981918 3.27988
172 1.981581 3.315874
173 1.979866 3.245638
174 1.979261 3.223189
175 1.978783 3.260028
176 1.97794 3.18505
177 1.977466 3.177205
178 1.97599 3.175909
179 1.974874 3.190593
180 1.97289 3.164893
181 1.972241 3.093469
182 1.971378 3.182101
183 1.970487 3.128555
184 1.969208 3.197323
185 1.968904 3.214644
186 1.968182 3.13684
187 1.967426 3.166461
188 1.966777 3.164579
189 1.965994 3.200237
190 1.965824 3.244029
191 1.965598 3.25412
192 1.9649 3.177998
193 1.964331 3.154282
194 1.96365 3.205865
195 1.963262 3.125397
196 1.962631 3.163354
197 1.961626 3.194258
198 1.961481 3.140385
199 1.960646 3.161007
200 1.959925 3.187111
201 1.959208 3.173612
202 1.958854 3.169517
203 1.958369 3.141236
204 1.957882 3.09514
205 1.955684 3.104559
206 1.955385 3.137654
207 1.954772 3.089225
208 1.954555 3.111724
209 1.952966 3.171709
210 1.950424 3.126503
211 1.950099 3.083835
212 1.949156 3.171851
213 1.948184 3.110386
214 1.947495 3.103679
215 1.947201 2.984443
216 1.945676 3.011647
217 1.944315 3.040337
218 1.943361 3.073138
219 1.94285 3.087483
220 1.942467 3.113262
221 1.939625 3.023351
222 1.939143 2.998965
223 1.938668 3.026078
224 1.9379 2.993562
225 1.936982 3.007485
226 1.936392 2.973918
227 1.934891 3.004951
228 1.933667 3.069287
229 1.932966 3.047806
230 1.931581 3.054226
231 1.930744 3.022344
232 1.929609 2.981825
233 1.928536 2.956684
234 1.928488 3.088779
235 1.927974 2.97184
236 1.927719 2.993891
237 1.925662 3.008997
238 1.924423 3.006074
239 1.923093 2.914316
240 1.922618 2.938691
241 1.92099 2.947944
242 1.920563 2.971148
243 1.920426 3.0112
244 1.919708 2.997594
245 1.91884 2.962907
246 1.918516 2.953795
247 1.917883 2.905837
248 1.915866 2.898343
249 1.914876 2.873746
250 1.91433 2.902227
251 1.913392 2.90359
252 1.912261 2.945306
253 1.911718 2.924511
254 1.91117 2.890684
255 1.910919 2.896346
256 1.91051 2.898171
257 1.909008 2.924146
258 1.908676 2.840568
259 1.908299 2.86607
260 1.907235 2.890866
261 1.906344 2.861813
262 1.905275 2.844258
263 1.903693 2.782067
264 1.902597 2.850083
265 1.902371 2.879713
266 1.901764 2.863137
267 1.900722 2.825559
268 1.900083 2.841846
269 1.898673 2.809245
270 1.89781 2.777272
271 1.897224 2.814367
272 1.896483 2.879433
273 1.896353 2.897328
274 1.895637 2.823844
275 1.894913 2.788007
276 1.894785 2.803903
277 1.894377 2.797206
278 1.893963 2.795211
279 1.89296 2.856214
280 1.892612 2.865985
281 1.891014 2.856751
282 1.890034 2.82307
283 1.88929 2.842286
284 1.888149 2.820276
285 1.888097 2.796679
286 1.887714 2.781719
287 1.887652 2.80754
288 1.887411 2.783757
289 1.886946 2.797395
290 1.885496 2.754686
291 1.885425 2.790662
292 1.885265 2.756888
293 1.885263 2.747952
294 1.883965 2.746312
295 1.88381 2.841418
296 1.883798 2.795651
297 1.883223 2.836389
298 1.881809 2.751066
299 1.881712 2.820354
300 1.881678 2.747273
301 1.881339 2.801772
302 1.881009 2.791511
303 1.880564 2.833038
304 1.87994 2.748547
305 1.879733 2.775625
306 1.879532 2.785592
307 1.878872 2.799119
308 1.878677 2.761687
309 1.878521 2.783406
310 1.877502 2.77826
311 1.876731 2.734628
312 1.876222 2.805257
313 1.875331 2.84608
314 1.874814 2.747553
315 1.874521 2.830856
316 1.874161 2.791355
317 1.874129 2.81221
318 1.874063 2.807257
319 1.873887 2.784032
320 1.873647 2.849507
321 1.873575 2.737959
322 1.873553 2.719074
323 1.872248 2.775809
324 1.871901 2.736854
325 1.871212 2.721954
326 1.870886 2.770977
327 1.870735 2.747959
328 1.870687 2.764057
329 1.870644 2.721886
330 1.870202 2.753677
331 1.869823 2.781507
332 1.869746 2.762246
333 1.869727 2.746634
334 1.869432 2.7788
335 1.869271 2.811754
336 1.868736 2.737017
337 1.868597 2.775349
338 1.868268 2.714318
339 1.868013 2.723162
340 1.867819 2.732928
341 1.867775 2.76668
342 1.867537 2.796212
343 1.867442 2.745285
344 1.866897 2.766966
345 1.866597 2.680114
346 1.866132 2.738511
347 1.86494 2.702292
348 1.86483 2.709289
349 1.863545 2.685561
350 1.863528 2.688189
351 1.863287 2.699267
352 1.862942 2.70433
353 1.862287 2.713814
354 1.862129 2.729994
355 1.861609 2.735866
356 1.861433 2.68462
357 1.86074 2.732414
358 1.860437 2.67537
359 1.859723 2.664998
360 1.859658 2.724237
361 1.859045 2.689186
362 1.859015 2.749285
363 1.858857 2.679613
364 1.858147 2.679545
365 1.857981 2.681871
366 1.857697 2.700488
367 1.857419 2.694956
368 1.857291 2.713392
369 1.857099 2.694273
370 1.856802 2.716492
371 1.856732 2.703676
372 1.855573 2.711211
373 1.854509 2.675776
374 1.854071 2.68627
375 1.853582 2.709633
376 1.8535 2.68098
377 1.85329 2.69877
378 1.853117 2.627548
379 1.85309 2.678566
380 1.852862 2.675045
381 1.852862 2.682052
382 1.852432 2.713715
383 1.852192 2.634075
384 1.851831 2.67899
385 1.851816 2.695494
386 1.851518 2.655319
387 1.851432 2.628581
388 1.851214 2.646395
389 1.850566 2.677125
390 1.850172 2.658933
391 1.850114 2.685108
392 1.84936 2.654031
393 1.84927 2.699429
394 1.848856 2.714026
395 1.848656 2.625317
396 1.848341 2.709511
397 1.848211 2.642104
398 1.848038 2.719821
399 1.847433 2.694054
400 1.846958 2.643378
401 1.846898 2.708341
402 1.846551 2.641933
403 1.846492 2.641164
404 1.846373 2.69172
405 1.845855 2.637104
406 1.845825 2.644642
407 1.845753 2.664199
408 1.845752 2.636204
409 1.845752 2.606907
410 1.84573 2.615256
411 1.845722 2.652531
412 1.845632 2.667587
413 1.845564 2.672558
414 1.84549 2.693902
415 1.84549 2.677172
416 1.845268 2.613862
417 1.84517 2.680121
418 1.845104 2.703164
419 1.845091 2.632286
420 1.845029 2.693957
421 1.845005 2.602639
422 1.844923 2.657797
423 1.844913 2.686103
424 1.844574 2.655814
425 1.844486 2.697045
426 1.844369 2.671883
427 1.844337 2.66669
428 1.844291 2.675435
429 1.844279 2.650258
430 1.844178 2.636379
431 1.843871 2.645378
432 1.843725 2.657354
433 1.84371 2.624922
434 1.843678 2.653952
435 1.843667 2.653115
436 1.843639 2.659531
437 1.843538 2.654876
438 1.843475 2.675578
439 1.843423 2.663278
440 1.843134 2.67261
441 1.84302 2.637521
442 1.842982 2.692727
443 1.84275 2.655915
444 1.842643 2.658269
445 1.842624 2.616909
446 1.842614 2.702058
447 1.842494 2.666563
448 1.842472 2.627003
449 1.842459 2.629403
450 1.842421 2.662666
451 1.84241 2.652978
452 1.84241 2.640882
453 1.842164 2.65154
454 1.842159 2.688349
455 1.841869 2.631836
456 1.841762 2.629771
457 1.84167 2.654752
458 1.841466 2.663531
459 1.841233 2.625451
460 1.840764 2.641335
461 1.840613 2.651789
462 1.840376 2.615671
463 1.840312 2.604575
464 1.83981 2.640822
465 1.839338 2.664678
466 1.839328 2.742965
467 1.839075 2.648763
468 1.839041 2.643917
469 1.838903 2.593445
470 1.838847 2.650601
471 1.838803 2.643692
472 1.838799 2.678758
473 1.838751 2.628517
474 1.838624 2.583007
475 1.838482 2.67836
476 1.838394 2.621106
477 1.838378 2.6863
478 1.838326 2.6908
479 1.83829 2.614337
480 1.838031 2.661095
481 1.837982 2.659471
482 1.837964 2.67698
483 1.837914 2.673543
484 1.837841 2.617186
485 1.837606 2.662153
486 1.837416 2.669192
487 1.837276 2.62463
488 1.83726 2.673485
489 1.837193 2.628549
490 1.837163 2.645779
491 1.837125 2.632439
492 1.837075 2.568216
493 1.837057 2.681124
494 1.836782 2.67012
495 1.836592 2.710922
496 1.836058 2.618048
497 1.835969 2.601336
498 1.835875 2.631585
499 1.835863 2.6693
500 1.835828 2.669566
501 1.835694 2.645501
502 1.835623 2.649409
503 1.835375 2.631358
504 1.835375 2.619656
505 1.835375 2.667074
506 1.835294 2.669565
507 1.835267 2.608445
508 1.835246 2.652777
509 1.835245 2.631671
510 1.835205 2.639345
511 1.835166 2.668797
512 1.835139 2.637884
513 1.83511 2.612434
514 1.83511 2.648882
515 1.835079 2.686917
516 1.834995 2.659695
517 1.834742 2.624577
518 1.834644 2.649014
519 1.834571 2.625076
520 1.834544 2.616984
521 1.834527 2.663705
522 1.83446 2.619274
523 1.83444 2.665237
524 1.834222 2.646533
525 1.834213 2.694691
526 1.834124 2.597104
527 1.834064 2.577322
528 1.834064 2.619174
529 1.833998 2.629018
530 1.833998 2.655005
531 1.833818 2.608642
532 1.832397 2.618552
533 1.832119 2.616394
534 1.832015 2.593437
535 1.831999 2.593045
536 1.83175 2.627185
537 1.831621 2.614823
538 1.831276 2.582231
539 1.83125 2.599784
540 1.831234 2.584912
541 1.831234 2.590257
542 1.83117 2.60795
543 1.83117 2.613315
544 1.830238 2.612756
545 1.830215 2.61908
546 1.830044 2.61736
547 1.830037 2.593668
548 1.829868 2.572501
549 1.829854 2.609488
550 1.829528 2.602907
551 1.829212 2.584453
552 1.829209 2.618647
553 1.828801 2.604731
554 1.828788 2.572062
555 1.828696 2.573556
556 1.828666 2.613214
557 1.828457 2.606043
558 1.828426 2.568391
559 1.828343 2.61875
560 1.828318 2.585032
561 1.828311 2.559392
562 1.828299 2.582286
563 1.828287 2.609451
564 1.828132 2.570062
565 1.827678 2.579783
566 1.827627 2.564452
567 1.827227 2.530026
568 1.826635 2.590102
569 1.826591 2.595955
570 1.82658 2.573455
571 1.826385 2.587718
572 1.826202 2.594221
573 1.826006 2.584895
574 1.826006 2.543048
575 1.825462 2.585879
576 1.825351 2.562466
577 1.825334 2.58164
578 1.825207 2.563285
579 1.825001 2.559846
580 1.824976 2.576772
581 1.824952 2.581745
582 1.82494 2.57913
583 1.824928 2.551244
584 1.824867 2.565557
585 1.82485 2.58253
586 1.824567 2.582504
587 1.824525 2.577474
588 1.824523 2.579743
589 1.824476 2.565795
590 1.824277 2.551409
591 1.824226 2.547609
592 1.824147 2.573399
593 1.824147 2.618777
594 1.823566 2.610308
595 1.823566 2.61103
596 1.823264 2.530013
597 1.823252 2.603809
598 1.823055 2.57689
599 1.82303 2.587469
600 1.82295 2.583965
601 1.822931 2.565917
602 1.822916 2.570307
603 1.822891 2.55481
604 1.822694 2.628221
605 1.822569 2.596113
606 1.822527 2.609517
607 1.822514 2.616908
608 1.82249 2.592158
609 1.82247 2.589591
610 1.822439 2.556969
611 1.822439 2.535312
612 1.82242 2.585973
613 1.822397 2.565398
614 1.822397 2.616049
615 1.822381 2.554916
616 1.82236 2.621464
617 1.822231 2.591959
618 1.821889 2.586238
619 1.821861 2.594516
620 1.821828 2.569607
621 1.821688 2.559696
622 1.821657 2.546387
623 1.821445 2.583653
624 1.821344 2.57793
625 1.821324 2.604919
626 1.821307 2.541168
627 1.821292 2.542266
628 1.821286 2.61423
629 1.821203 2.566179
630 1.821199 2.588408
631 1.821199 2.597003
632 1.821187 2.554206
633 1.821183 2.586814
634 1.821175 2.593261
635 1.821125 2.576263
636 1.821106 2.54666
637 1.821082 2.594195
638 1.821079 2.53594
639 1.821057 2.541088
640 1.821057 2.571918
641 1.821057 2.542006
642 1.821057 2.594371
643 1.821043 2.576361
644 1.821023 2.576646
645 1.820994 2.566936
646 1.820969 2.603897
647 1.820864 2.576388
648 1.820852 2.561922
649 1.820835 2.55613
650 1.820808 2.548453
651 1.820791 2.589183
652 1.820783 2.570735
653 1.82066 2.579098
654 1.820653 2.550351
655 1.820613 2.574406
656 1.820464 2.560746
657 1.820454 2.582015
658 1.820423 2.544901
659 1.820003 2.55838
660 1.81992 2.558366
661 1.819864 2.564509
662 1.819842 2.574861
663 1.819772 2.54178
664 1.819749 2.546359
665 1.819731 2.536896
666 1.819731 2.583211
667 1.819646 2.575684
668 1.819616 2.545795
669 1.819598 2.581603
670 1.819542 2.555202
671 1.819538 2.560026
672 1.819532 2.559562
673 1.819517 2.577127
674 1.819495 2.57864
675 1.819447 2.588742
676 1.81935 2.547478
677 1.819326 2.560292
678 1.819235 2.584397
679 1.819213 2.562772
680 1.819147 2.566905
681 1.819058 2.525574
682 1.819051 2.562492
683 1.819029 2.572647
684 1.819025 2.557305
685 1.819016 2.54682
686 1.819 2.57791
687 1.818998 2.524671
688 1.818967 2.559045
689 1.818961 2.569967
690 1.818911 2.60233
691 1.818819 2.589215
692 1.818766 2.583647
693 1.818756 2.556919
694 1.818738 2.578628
695 1.818694 2.541518
696 1.818669 2.538705
697 1.818623 2.571126
698 1.818453 2.589288
699 1.818426 2.555778
700 1.818293 2.562314
701 1.81828 2.571405
702 1.818279 2.561403
703 1.818279 2.549487
704 1.8182 2.57735
705 1.818194 2.597222
706 1.818187 2.560501
707 1.818187 2.562917
708 1.818152 2.554748
709 1.818105 2.539352
710 1.818105 2.541703
711 1.818079 2.556052
712 1.81801 2.548105
713 1.817996 2.528084
714 1.817964 2.606166
715 1.817897 2.556773
716 1.817896 2.546099
717 1.8178 2.528753
718 1.8178 2.559632
719 1.817652 2.57019
720 1.817641 2.567674
721 1.81763 2.55214
722 1.817618 2.578091
723 1.817453 2.556763
724 1.817333 2.524608
725 1.817315 2.536138
726 1.817309 2.561228
727 1.817302 2.583441
728 1.817224 2.570982
729 1.817186 2.615139
730 1.817086 2.551456
731 1.817073 2.519349
732 1.817059 2.574347
733 1.817044 2.567923
734 1.817014 2.554054
735 1.817005 2.555524
736 1.816996 2.59295
737 1.816985 2.53012
738 1.816981 2.595726
739 1.816979 2.556579
740 1.816977 2.566092
741 1.816972 2.539501
742 1.816971 2.566811
743 1.816936 2.55818
744 1.816929 2.567339
745 1.816929 2.581811
746 1.816918 2.61057
747 1.81691 2.535507
748 1.816906 2.555726
749 1.816887 2.573017
750 1.816868 2.566033
751 1.816867 2.547594
752 1.816843 2.549278
753 1.81683 2.569429
754 1.816809 2.528685
755 1.816801 2.559414
756 1.8168 2.572797
757 1.81679 2.590235
758 1.816784 2.568504
759 1.816776 2.59591
760 1.816776 2.547729
761 1.816775 2.579411
762 1.81676 2.561954
763 1.816759 2.578319
764 1.816738 2.535851
765 1.816738 2.554346
766 1.816703 2.597155
767 1.816703 2.577202
768 1.816703 2.565329
769 1.816703 2.568989
770 1.816664 2.538589
771 1.816646 2.574398
772 1.816621 2.576153
773 1.816615 2.506575
774 1.816585 2.594606
775 1.816509 2.571805
776 1.816494 2.584158
777 1.816466 2.551827
778 1.816463 2.56216
779 1.816462 2.542191
780 1.816459 2.530037
781 1.81644 2.571564
782 1.81644 2.53427
783 1.816414 2.543604
784 1.816412 2.580761
785 1.81641 2.54455
786 1.816409 2.577355
787 1.81633 2.588363
788 1.816311 2.52654
789 1.816265 2.552708
790 1.816262 2.536293
791 1.816262 2.525066
792 1.816076 2.558507
793 1.815995 2.559008
794 1.815993 2.533154
795 1.815993 2.554064
796 1.815981 2.563201
797 1.815977 2.543382
798 1.81595 2.570983
799 1.81595 2.564343
800 1.815947 2.547714
801 1.815907 2.574353
802 1.815881 2.593179
803 1.815855 2.570699
804 1.815854 2.567165
805 1.815658 2.576483
806 1.815628 2.581676
807 1.815627 2.566918
808 1.815612 2.568876
809 1.815583 2.60042
810 1.815571 2.545629
811 1.815558 2.563551
812 1.815558 2.570634
813 1.815537 2.582927
814 1.815507 2.561627
815 1.815507 2.539923
816 1.815503 2.550566
817 1.815492 2.547219
818 1.81548 2.547027
819 1.815479 2.573307
820 1.815479 2.576587
821 1.815472 2.555069
822 1.815472 2.580785
823 1.815461 2.586423
824 1.815457 2.505098
825 1.815446 2.564519
826 1.815434 2.568788
827 1.81542 2.550353
828 1.815402 2.510744
829 1.81539 2.574961
830 1.815384 2.54179
831 1.815378 2.535454
832 1.81532 2.57374
833 1.81532 2.556811
834 1.81523 2.581847
835 1.815228 2.576922
836 1.815223 2.555144
837 1.815222 2.579317
838 1.815213 2.550651
839 1.815212 2.509366
840 1.815212 2.593909
841 1.815169 2.547875
842 1.815169 2.566453
843 1.815168 2.567534
844 1.815159 2.511127
845 1.815158 2.534507
846 1.815157 2.57419
847 1.815156 2.530998
848 1.815154 2.587873
849 1.815152 2.571395
850 1.815152 2.565167
851 1.815149 2.596205
852 1.8151 2.572924
853 1.81509 2.567384
854 1.815082 2.544054
855 1.815082 2.546026
856 1.815082 2.554262
857 1.815073 2.583302
858 1.815069 2.512335
859 1.815067 2.525088
860 1.815066 2.535825
861 1.815037 2.556006
862 1.815028 2.554193
863 1.815018 2.565285
864 1.815018 2.535881
865 1.815 2.573089
866 1.815 2.561644
867 1.814958 2.536528
868 1.814958 2.547813
869 1.814952 2.532128
870 1.814943 2.562858
871 1.814909 2.541735
872 1.814903 2.54802
873 1.814896 2.561535
874 1.814866 2.534493
875 1.814864 2.574967
876 1.81484 2.572005
877 1.814838 2.545266
878 1.814831 2.555135
879 1.814826 2.601562
880 1.814826 2.568766
881 1.814825 2.529156
882 1.814825 2.57374
883 1.814823 2.542933
884 1.814823 2.563496
885 1.814818 2.517511
886 1.814818 2.545217
887 1.814807 2.577985
888 1.814792 2.566356
889 1.814782 2.583055
890 1.814776 2.525944
891 1.814772 2.572002
892 1.814768 2.61004
893 1.814726 2.590175
894 1.814724 2.540849
895 1.814716 2.561061
896 1.814716 2.53734
897 1.81468 2.583168
898 1.81468 2.534424
899 1.81468 2.563875
900 1.814677 2.585942
901 1.814677 2.567649
902 1.814666 2.557066
903 1.814652 2.539271
904 1.814646 2.559702
905 1.81464 2.523803
906 1.814637 2.547846
907 1.814637 2.549226
908 1.814605 2.543774
909 1.814589 2.563425
910 1.814589 2.552094
911 1.814584 2.567856
912 1.814584 2.572133
913 1.814584 2.557533
914 1.814582 2.5958
915 1.814581 2.564514
916 1.814569 2.564449
917 1.814552 2.530013
918 1.814549 2.565612
919 1.814546 2.5897
920 1.814546 2.537126
921 1.814544 2.540162
922 1.814544 2.526935
923 1.814541 2.549866
924 1.814527 2.579997
925 1.814527 2.578053
926 1.814523 2.564375
927 1.814521 2.550693
928 1.814512 2.548118
929 1.814506 2.507779
930 1.814497 2.585871
931 1.814497 2.536074
932 1.814497 2.537979
933 1.814476 2.572423
934 1.814476 2.561287
935 1.814436 2.550629
936 1.814411 2.551417
937 1.814411 2.58837
938 1.814402 2.536524
939 1.814397 2.57722
940 1.814395 2.525938
941 1.814382 2.567558
942 1.814377 2.511788
943 1.814354 2.521394
944 1.814303 2.544275
945 1.814303 2.530528
946 1.8143 2.586478
947 1.814286 2.570465
948 1.814286 2.554834
949 1.814285 2.544995
950 1.814281 2.545479
951 1.814281 2.567099
952 1.81428 2.544901
953 1.81428 2.560138
954 1.814279 2.592007
955 1.814279 2.504044
956 1.814278 2.539694
957 1.814277 2.568032
958 1.814277 2.548442
959 1.814253 2.554902
960 1.81425 2.53408
961 1.81424 2.556778
962 1.814237 2.559602
963 1.814202 2.572129
964 1.81419 2.53966
965 1.814188 2.594871
966 1.814171 2.567256
967 1.814129 2.567705
968 1.814122 2.533066
969 1.814122 2.576939
970 1.814119 2.548148
971 1.814087 2.507325
972 1.814087 2.54427
973 1.814085 2.562676
974 1.814079 2.577464
975 1.814066 2.539482
976 1.814048 2.556827
977 1.814021 2.566256
978 1.814021 2.550806
979 1.814019 2.527389
980 1.814011 2.540634
981 1.814002 2.578823
982 1.814001 2.531381
983 1.813998 2.536569
984 1.813992 2.52222
985 1.813979 2.568112
986 1.813979 2.52164
987 1.813968 2.575139
988 1.813943 2.54119
989 1.813943 2.558151
990 1.813926 2.563648
991 1.813882 2.571802
992 1.813882 2.574841
993 1.813879 2.53835
994 1.813876 2.557921
995 1.813874 2.578212
996 1.813872 2.573337
997 1.813872 2.533905
998 1.813852 2.565112
999 1.813852 2.54499

