StartPoint = (0, 5)
EndPoint = (10, 0)
N Points = 20
Selection = Tournament
Tournament Size = 5
NCrossings = 4
NGenerations = 1000
PopulationSize = 100
MutationProb = 0.1
CrossoverProb = 0.9
MutationType = Random
Elistic = 40


Best Result(mean): 1.812222

0 4.961237 7.875226
1 3.747795 6.217613
2 3.275239 5.413469
3 3.045228 5.011932
4 2.879008 4.804519
5 2.751818 4.658438
6 2.666955 4.527982
7 2.614206 4.508018
8 2.566341 4.491111
9 2.527092 4.444823
10 2.498306 4.397278
11 2.467848 4.355031
12 2.435269 4.295537
13 2.414372 4.388495
14 2.385277 4.237708
15 2.371542 4.289339
16 2.354318 4.241903
17 2.339312 4.277803
18 2.333186 4.266667
19 2.325702 4.175547
20 2.320288 4.16448
21 2.313575 4.226003
22 2.306953 4.176445
23 2.300535 4.174199
24 2.291397 4.148345
25 2.286506 4.138813
26 2.278939 4.126998
27 2.274991 4.15265
28 2.265443 4.125015
29 2.261842 4.141703
30 2.256877 4.037042
31 2.253011 3.957247
32 2.247212 4.088946
33 2.239905 4.053782
34 2.234092 4.027614
35 2.232513 3.988777
36 2.22801 4.082519
37 2.226998 4.02448
38 2.224414 3.984355
39 2.22143 4.01779
40 2.216753 3.948852
41 2.215215 3.931614
42 2.21338 3.926788
43 2.21173 3.912278
44 2.209292 3.894003
45 2.207641 3.91959
46 2.204485 3.922895
47 2.203079 3.909144
48 2.202604 3.897381
49 2.200974 3.809355
50 2.199105 3.772536
51 2.197127 3.798406
52 2.194983 3.80164
53 2.191403 3.833781
54 2.186831 3.74623
55 2.181963 3.758266
56 2.180484 3.667526
57 2.178517 3.672895
58 2.175974 3.744102
59 2.172028 3.67664
60 2.167737 3.666724
61 2.165359 3.636813
62 2.164021 3.613457
63 2.160759 3.536843
64 2.159834 3.547077
65 2.156499 3.553051
66 2.151638 3.533935
67 2.150381 3.490424
68 2.14741 3.52899
69 2.139884 3.518851
70 2.13454 3.465928
71 2.133288 3.448109
72 2.130741 3.473132
73 2.129029 3.383281
74 2.12687 3.34377
75 2.123451 3.334572
76 2.114815 3.355386
77 2.109443 3.273936
78 2.10739 3.282604
79 2.103169 3.286155
80 2.099241 3.257711
81 2.094675 3.247289
82 2.092366 3.176704
83 2.088171 3.197865
84 2.084775 3.195433
85 2.082141 3.192515
86 2.079539 3.139409
87 2.077816 3.128875
88 2.07585 3.118038
89 2.07339 3.09522
90 2.072742 3.116026
91 2.068709 3.099958
92 2.065579 3.100114
93 2.064216 3.063472
94 2.058069 3.0724
95 2.056514 2.997037
96 2.053247 3.073703
97 2.0504 2.999751
98 2.047893 3.033054
99 2.045044 3.007382
100 2.042392 3.008816
101 2.041054 2.987453
102 2.039189 3.026283
103 2.036847 3.000407
104 2.03484 2.923307
105 2.031299 2.938286
106 2.029223 2.979697
107 2.02667 2.923623
108 2.025881 2.91701
109 2.023958 2.898403
110 2.021463 2.958573
111 2.018 2.891524
112 2.016403 2.889756
113 2.013625 2.929962
114 2.012125 2.864288
115 2.009726 2.907194
116 2.007952 2.922077
117 2.007169 2.893157
118 2.004791 2.846719
119 2.003262 2.861079
120 2.002284 2.8733
121 2.000784 2.856818
122 1.999289 2.877195
123 1.996146 2.858502
124 1.994623 2.862075
125 1.989507 2.833454
126 1.988772 2.840802
127 1.987296 2.817193
128 1.986587 2.810104
129 1.984788 2.840222
130 1.982897 2.797116
131 1.982421 2.783275
132 1.980484 2.803577
133 1.979421 2.761222
134 1.977373 2.801085
135 1.975206 2.770284
136 1.974337 2.821526
137 1.973117 2.787702
138 1.9722 2.736649
139 1.969053 2.758022
140 1.968448 2.735348
141 1.96768 2.752414
142 1.967072 2.725239
143 1.964852 2.709578
144 1.964495 2.766206
145 1.963363 2.761226
146 1.961954 2.712269
147 1.961144 2.71508
148 1.959318 2.77287
149 1.956366 2.725015
150 1.953748 2.687378
151 1.953318 2.699077
152 1.95037 2.672904
153 1.949453 2.676708
154 1.947499 2.635335
155 1.944764 2.666413
156 1.942363 2.627233
157 1.940993 2.659277
158 1.939836 2.616999
159 1.938349 2.623258
160 1.936026 2.629681
161 1.934898 2.583954
162 1.934123 2.556106
163 1.932852 2.591903
164 1.931021 2.626134
165 1.928418 2.576184
166 1.928305 2.622842
167 1.927336 2.593248
168 1.92555 2.569902
169 1.925259 2.572617
170 1.924688 2.58548
171 1.923966 2.567012
172 1.922675 2.528065
173 1.922498 2.558711
174 1.919764 2.567773
175 1.917349 2.560077
176 1.915921 2.562448
177 1.914541 2.540242
178 1.912438 2.535238
179 1.91147 2.553675
180 1.910402 2.524941
181 1.909515 2.53318
182 1.907449 2.526803
183 1.906005 2.505096
184 1.904694 2.465024
185 1.904402 2.464634
186 1.903572 2.492834
187 1.901853 2.475987
188 1.900882 2.507822
189 1.900266 2.509642
190 1.899701 2.4896
191 1.898018 2.499904
192 1.897039 2.483605
193 1.896819 2.494587
194 1.896674 2.481486
195 1.894563 2.494238
196 1.893295 2.466683
197 1.892346 2.4784
198 1.891938 2.479314
199 1.890725 2.439238
200 1.890542 2.472851
201 1.89019 2.434235
202 1.88974 2.435142
203 1.888393 2.478319
204 1.886325 2.476319
205 1.884781 2.448768
206 1.884586 2.452972
207 1.884387 2.408035
208 1.88392 2.44963
209 1.883342 2.446251
210 1.882578 2.447133
211 1.882247 2.444062
212 1.88203 2.440544
213 1.881456 2.421249
214 1.881451 2.463092
215 1.87994 2.439748
216 1.878535 2.437011
217 1.878424 2.42802
218 1.877913 2.42996
219 1.877547 2.445639
220 1.876677 2.441506
221 1.875785 2.40238
222 1.875306 2.442207
223 1.87499 2.420461
224 1.873919 2.41326
225 1.873124 2.424904
226 1.871542 2.446477
227 1.871018 2.412003
228 1.870656 2.411875
229 1.869975 2.399921
230 1.869332 2.4037
231 1.868679 2.394061
232 1.867341 2.421954
233 1.865918 2.408089
234 1.865599 2.397214
235 1.864827 2.412883
236 1.864671 2.394009
237 1.864261 2.373979
238 1.863944 2.392924
239 1.863072 2.387008
240 1.861486 2.403352
241 1.860893 2.384249
242 1.860444 2.358732
243 1.86019 2.387644
244 1.859778 2.400346
245 1.859458 2.388144
246 1.858971 2.356808
247 1.858273 2.37848
248 1.857838 2.397263
249 1.857822 2.344419
250 1.857529 2.373105
251 1.857169 2.352878
252 1.857 2.377022
253 1.856427 2.378631
254 1.856185 2.399703
255 1.855697 2.386203
256 1.855246 2.391613
257 1.854884 2.373447
258 1.85454 2.383262
259 1.854397 2.34999
260 1.853545 2.361882
261 1.852683 2.385963
262 1.85254 2.369992
263 1.852035 2.349409
264 1.85189 2.357239
265 1.851819 2.373338
266 1.851368 2.385064
267 1.851013 2.346914
268 1.850887 2.356204
269 1.850576 2.348881
270 1.850483 2.364163
271 1.85001 2.345009
272 1.849934 2.375439
273 1.849769 2.367461
274 1.849324 2.37254
275 1.849295 2.361784
276 1.848951 2.371467
277 1.84863 2.335478
278 1.84863 2.37608
279 1.848554 2.35858
280 1.848393 2.364738
281 1.848353 2.347104
282 1.848141 2.351739
283 1.848055 2.37115
284 1.847901 2.379222
285 1.847881 2.336927
286 1.847569 2.355278
287 1.847529 2.346001
288 1.847345 2.34787
289 1.847024 2.374025
290 1.846923 2.32668
291 1.846569 2.340788
292 1.846439 2.360555
293 1.846315 2.337483
294 1.846073 2.349842
295 1.845771 2.353713
296 1.845427 2.348637
297 1.845277 2.344149
298 1.845263 2.373213
299 1.845185 2.322198
300 1.844761 2.360415
301 1.843993 2.343784
302 1.843834 2.337296
303 1.843707 2.32254
304 1.843151 2.320904
305 1.843031 2.298921
306 1.842439 2.337558
307 1.842373 2.308218
308 1.842239 2.347032
309 1.841519 2.338299
310 1.841396 2.331719
311 1.840424 2.328227
312 1.839624 2.329606
313 1.839502 2.307713
314 1.837888 2.308256
315 1.837466 2.302569
316 1.837175 2.304031
317 1.837004 2.323943
318 1.83695 2.309435
319 1.836877 2.308636
320 1.836857 2.313581
321 1.836459 2.331106
322 1.835937 2.304583
323 1.835527 2.320211
324 1.83548 2.301521
325 1.835379 2.323444
326 1.835351 2.326648
327 1.834807 2.286623
328 1.834042 2.314018
329 1.833716 2.317225
330 1.833705 2.307389
331 1.833656 2.305186
332 1.833615 2.319784
333 1.833172 2.289036
334 1.833168 2.306286
335 1.832109 2.300416
336 1.831947 2.295264
337 1.831927 2.300914
338 1.831922 2.298108
339 1.831422 2.297215
340 1.831147 2.306446
341 1.829816 2.28241
342 1.829466 2.289709
343 1.829294 2.288789
344 1.829216 2.305105
345 1.828924 2.291187
346 1.828609 2.279799
347 1.828244 2.302991
348 1.827956 2.300591
349 1.827882 2.298197
350 1.827713 2.306858
351 1.82747 2.284693
352 1.827043 2.282751
353 1.827012 2.293821
354 1.82697 2.2814
355 1.826953 2.30259
356 1.826849 2.300133
357 1.826756 2.284192
358 1.826537 2.286393
359 1.826426 2.30277
360 1.826121 2.279207
361 1.825693 2.271919
362 1.825584 2.272835
363 1.825578 2.283124
364 1.825486 2.273403
365 1.825385 2.293995
366 1.825275 2.288594
367 1.825077 2.282063
368 1.825024 2.296214
369 1.824952 2.295769
370 1.824852 2.320793
371 1.824763 2.293482
372 1.824736 2.288567
373 1.824621 2.287178
374 1.824568 2.283922
375 1.824505 2.291593
376 1.824117 2.285603
377 1.824032 2.292132
378 1.823764 2.296479
379 1.823395 2.30132
380 1.82326 2.276134
381 1.823159 2.28911
382 1.823044 2.28298
383 1.822808 2.271225
384 1.822799 2.285786
385 1.822796 2.269019
386 1.822763 2.300738
387 1.822578 2.280197
388 1.822551 2.284116
389 1.822296 2.267872
390 1.822248 2.280046
391 1.822211 2.285497
392 1.822096 2.289692
393 1.822078 2.273774
394 1.821949 2.279343
395 1.821943 2.26756
396 1.821652 2.272207
397 1.821614 2.262785
398 1.821603 2.275909
399 1.821594 2.287789
400 1.82155 2.283927
401 1.821534 2.28044
402 1.821372 2.279174
403 1.821354 2.280616
404 1.821268 2.290222
405 1.821046 2.297983
406 1.820921 2.283089
407 1.820753 2.288553
408 1.820715 2.274733
409 1.8207 2.269725
410 1.820654 2.290256
411 1.820654 2.271045
412 1.820593 2.293144
413 1.82051 2.297696
414 1.820499 2.278259
415 1.820352 2.293964
416 1.820256 2.28375
417 1.82022 2.27033
418 1.820216 2.271159
419 1.820176 2.295139
420 1.820162 2.278757
421 1.820032 2.271183
422 1.820002 2.284703
423 1.819932 2.281363
424 1.819759 2.273223
425 1.819727 2.267117
426 1.819659 2.279251
427 1.819523 2.28054
428 1.819519 2.265991
429 1.819429 2.268984
430 1.819302 2.289056
431 1.819285 2.281406
432 1.819269 2.297609
433 1.819161 2.286968
434 1.819131 2.291026
435 1.819114 2.284084
436 1.819101 2.279706
437 1.819091 2.28581
438 1.819089 2.261001
439 1.81908 2.286327
440 1.819074 2.290052
441 1.819041 2.291368
442 1.818989 2.283633
443 1.818989 2.268234
444 1.818966 2.279985
445 1.818959 2.290551
446 1.818811 2.266951
447 1.818733 2.285611
448 1.818724 2.292328
449 1.818675 2.265342
450 1.818609 2.282856
451 1.818604 2.282332
452 1.818573 2.248423
453 1.81855 2.266826
454 1.81853 2.269512
455 1.818511 2.273931
456 1.818243 2.265131
457 1.818235 2.281566
458 1.818211 2.267257
459 1.818171 2.265682
460 1.818164 2.28114
461 1.818118 2.275109
462 1.818118 2.280932
463 1.818089 2.277859
464 1.818086 2.264796
465 1.818074 2.283944
466 1.818001 2.28595
467 1.817947 2.29294
468 1.817935 2.291466
469 1.817896 2.263139
470 1.817835 2.292186
471 1.817823 2.286459
472 1.817776 2.29003
473 1.817765 2.284378
474 1.817753 2.289405
475 1.817735 2.257321
476 1.817728 2.265937
477 1.817698 2.286862
478 1.817641 2.279823
479 1.817578 2.28477
480 1.817576 2.287066
481 1.817567 2.267252
482 1.817563 2.274776
483 1.817549 2.277245
484 1.817538 2.278992
485 1.817511 2.292296
486 1.817445 2.300945
487 1.817421 2.256502
488 1.817378 2.246825
489 1.817376 2.282132
490 1.817299 2.268428
491 1.817293 2.284743
492 1.817282 2.281182
493 1.817273 2.283278
494 1.817253 2.278142
495 1.817252 2.278731
496 1.81724 2.297814
497 1.817239 2.285279
498 1.817186 2.274567
499 1.817178 2.279231
500 1.817175 2.26842
501 1.817151 2.265146
502 1.817045 2.275848
503 1.81704 2.28105
504 1.817004 2.27217
505 1.817001 2.271371
506 1.81698 2.276807
507 1.816948 2.274019
508 1.81692 2.280498
509 1.81692 2.291136
510 1.816905 2.285169
511 1.816898 2.280688
512 1.816853 2.268774
513 1.816849 2.273044
514 1.816847 2.277431
515 1.816838 2.253779
516 1.816826 2.284222
517 1.816812 2.28489
518 1.816764 2.259431
519 1.816738 2.274177
520 1.816703 2.291226
521 1.816674 2.26976
522 1.816665 2.273972
523 1.816664 2.268863
524 1.816624 2.267334
525 1.816613 2.281545
526 1.816595 2.273093
527 1.816577 2.279965
528 1.816571 2.26965
529 1.816554 2.287446
530 1.816551 2.276995
531 1.81654 2.280357
532 1.816513 2.274954
533 1.816442 2.272663
534 1.816416 2.266741
535 1.816398 2.269964
536 1.816398 2.285686
537 1.816388 2.260501
538 1.816367 2.272548
539 1.816352 2.261881
540 1.816315 2.27654
541 1.816315 2.290922
542 1.816286 2.278474
543 1.816212 2.276653
544 1.816208 2.284785
545 1.816193 2.276232
546 1.816124 2.273877
547 1.816123 2.276954
548 1.816105 2.2724
549 1.816081 2.272191
550 1.816036 2.274731
551 1.81602 2.267919
552 1.816013 2.281727
553 1.815972 2.277706
554 1.815949 2.28515
555 1.815949 2.263942
556 1.815945 2.24967
557 1.815864 2.282829
558 1.815851 2.281486
559 1.815803 2.266578
560 1.81578 2.269781
561 1.815723 2.269846
562 1.815707 2.265615
563 1.815701 2.264395
564 1.815675 2.276995
565 1.815655 2.25702
566 1.815649 2.290132
567 1.815633 2.26299
568 1.815626 2.253468
569 1.815594 2.271918
570 1.815549 2.289175
571 1.815547 2.275492
572 1.815529 2.290135
573 1.815507 2.26326
574 1.815493 2.257978
575 1.815463 2.286761
576 1.815398 2.272801
577 1.815393 2.276697
578 1.815366 2.276656
579 1.815347 2.270351
580 1.815341 2.263927
581 1.815341 2.278866
582 1.815329 2.268384
583 1.815292 2.274627
584 1.815289 2.290016
585 1.81528 2.25773
586 1.815279 2.287509
587 1.815266 2.267776
588 1.815249 2.278194
589 1.81524 2.266953
590 1.815227 2.270797
591 1.815227 2.263572
592 1.815218 2.290472
593 1.815218 2.260076
594 1.81517 2.282815
595 1.815163 2.274161
596 1.815159 2.275063
597 1.815159 2.269696
598 1.815152 2.25591
599 1.815152 2.280062
600 1.815145 2.247974
601 1.815136 2.297576
602 1.815125 2.285118
603 1.815122 2.276657
604 1.81511 2.29372
605 1.815108 2.259311
606 1.815108 2.255865
607 1.815071 2.260742
608 1.81507 2.275335
609 1.815056 2.272362
610 1.815049 2.272631
611 1.815042 2.259806
612 1.815025 2.281114
613 1.815025 2.274743
614 1.815005 2.275634
615 1.814949 2.273974
616 1.814949 2.260412
617 1.814936 2.278259
618 1.814905 2.280954
619 1.814754 2.267001
620 1.814625 2.279214
621 1.814615 2.254175
622 1.814613 2.270694
623 1.814613 2.278248
624 1.814593 2.270026
625 1.814593 2.278274
626 1.814593 2.278984
627 1.814583 2.284155
628 1.814552 2.272588
629 1.814546 2.289731
630 1.814529 2.265375
631 1.814518 2.269801
632 1.814512 2.273857
633 1.814508 2.285524
634 1.814492 2.28386
635 1.81449 2.267301
636 1.814483 2.268791
637 1.814476 2.279076
638 1.814468 2.280937
639 1.814462 2.256609
640 1.814453 2.280813
641 1.814453 2.266425
642 1.814449 2.291952
643 1.814449 2.269842
644 1.814449 2.247969
645 1.814449 2.26193
646 1.814447 2.252102
647 1.814443 2.269865
648 1.814425 2.274195
649 1.814403 2.290222
650 1.814393 2.274806
651 1.814393 2.259151
652 1.814369 2.264349
653 1.814328 2.261955
654 1.814324 2.264805
655 1.814284 2.270558
656 1.814282 2.279413
657 1.814265 2.278279
658 1.814265 2.281865
659 1.814257 2.268048
660 1.814257 2.25987
661 1.814254 2.251284
662 1.814248 2.298544
663 1.814248 2.26504
664 1.814218 2.275566
665 1.814218 2.270018
666 1.814214 2.28656
667 1.814114 2.255375
668 1.814114 2.278053
669 1.814086 2.27377
670 1.814074 2.269546
671 1.814061 2.278795
672 1.81402 2.275107
673 1.81402 2.280956
674 1.814008 2.280924
675 1.814008 2.252561
676 1.814005 2.26351
677 1.814004 2.283722
678 1.813992 2.275843
679 1.813988 2.257445
680 1.813988 2.278695
681 1.813987 2.273155
682 1.813965 2.255597
683 1.813953 2.25133
684 1.813946 2.258447
685 1.813946 2.283932
686 1.813916 2.278014
687 1.813915 2.277428
688 1.813905 2.275707
689 1.813899 2.274807
690 1.813865 2.288085
691 1.813863 2.290221
692 1.813832 2.268046
693 1.813832 2.271877
694 1.81382 2.26998
695 1.81382 2.26886
696 1.813816 2.262918
697 1.813804 2.271309
698 1.813799 2.282375
699 1.813733 2.278025
700 1.813733 2.269943
701 1.813733 2.277855
702 1.813732 2.25759
703 1.813715 2.264609
704 1.813707 2.252533
705 1.813706 2.274307
706 1.813692 2.277171
707 1.813692 2.284374
708 1.813675 2.278877
709 1.813675 2.285677
710 1.813665 2.268205
711 1.813662 2.248727
712 1.813653 2.261553
713 1.81363 2.287956
714 1.813609 2.277186
715 1.813555 2.26316
716 1.813544 2.284062
717 1.813532 2.273315
718 1.813527 2.272944
719 1.813527 2.270772
720 1.813521 2.276957
721 1.813516 2.273481
722 1.813516 2.275993
723 1.813514 2.248219
724 1.813514 2.287278
725 1.813495 2.277351
726 1.813495 2.27023
727 1.813495 2.257798
728 1.813473 2.27478
729 1.813468 2.275387
730 1.813455 2.276471
731 1.813449 2.263061
732 1.813424 2.250052
733 1.813419 2.26284
734 1.813396 2.267577
735 1.813393 2.267129
736 1.813385 2.270184
737 1.813385 2.267761
738 1.813356 2.258064
739 1.813353 2.259756
740 1.813343 2.272916
741 1.813339 2.260145
742 1.813333 2.280762
743 1.813329 2.279471
744 1.813326 2.272127
745 1.813313 2.272032
746 1.813312 2.265169
747 1.813291 2.272267
748 1.813259 2.2706
749 1.813255 2.261023
750 1.813251 2.259998
751 1.813251 2.26953
752 1.813233 2.276275
753 1.813229 2.274153
754 1.813224 2.269452
755 1.813223 2.263137
756 1.813221 2.275211
757 1.813219 2.261543
758 1.813189 2.272544
759 1.813184 2.25427
760 1.813184 2.279424
761 1.813177 2.249394
762 1.813166 2.26817
763 1.813162 2.255887
764 1.81316 2.274217
765 1.813154 2.279038
766 1.813152 2.261416
767 1.813152 2.275262
768 1.813132 2.255938
769 1.813127 2.260897
770 1.813121 2.264043
771 1.81311 2.279901
772 1.813103 2.272264
773 1.813096 2.27092
774 1.813093 2.261516
775 1.813092 2.278448
776 1.813087 2.282895
777 1.813086 2.275445
778 1.813073 2.277831
779 1.813069 2.259913
780 1.81306 2.276845
781 1.813054 2.263105
782 1.813051 2.270152
783 1.813048 2.282495
784 1.813039 2.260377
785 1.813017 2.274416
786 1.813014 2.262983
787 1.812998 2.26661
788 1.812992 2.274944
789 1.812992 2.257442
790 1.812991 2.253411
791 1.81299 2.26684
792 1.81298 2.277221
793 1.812978 2.275983
794 1.812977 2.282459
795 1.812977 2.280732
796 1.812968 2.278886
797 1.812966 2.277187
798 1.81296 2.27336
799 1.81296 2.274668
800 1.812951 2.29214
801 1.812951 2.265279
802 1.812945 2.269049
803 1.812945 2.265267
804 1.812944 2.293167
805 1.81293 2.279325
806 1.81293 2.268351
807 1.812926 2.263724
808 1.812914 2.245059
809 1.812908 2.276329
810 1.812907 2.265697
811 1.812906 2.276665
812 1.812905 2.272092
813 1.812905 2.2831
814 1.812903 2.276473
815 1.812903 2.268187
816 1.812901 2.267837
817 1.812894 2.268179
818 1.812891 2.264198
819 1.812889 2.279361
820 1.812879 2.286477
821 1.812879 2.265167
822 1.812879 2.277638
823 1.812878 2.271369
824 1.812878 2.267012
825 1.812872 2.258423
826 1.812872 2.258319
827 1.812871 2.262902
828 1.812865 2.254136
829 1.812854 2.266672
830 1.812852 2.260282
831 1.812851 2.275847
832 1.81285 2.267552
833 1.81285 2.25685
834 1.81285 2.273039
835 1.812837 2.265334
836 1.812834 2.288405
837 1.812834 2.260171
838 1.81277 2.270143
839 1.81277 2.267612
840 1.81277 2.277901
841 1.812769 2.26741
842 1.812769 2.2529
843 1.812767 2.277364
844 1.81276 2.273744
845 1.812759 2.259109
846 1.812759 2.249639
847 1.812755 2.277365
848 1.812723 2.2697
849 1.812698 2.25907
850 1.812684 2.267359
851 1.812684 2.276761
852 1.812681 2.260279
853 1.812677 2.272243
854 1.812676 2.25767
855 1.812676 2.279905
856 1.812675 2.279546
857 1.812672 2.264716
858 1.812672 2.264659
859 1.81267 2.281618
860 1.812665 2.261728
861 1.812665 2.257078
862 1.812664 2.281767
863 1.812661 2.279358
864 1.812659 2.254662
865 1.812655 2.271447
866 1.812654 2.274018
867 1.812654 2.276985
868 1.812647 2.257804
869 1.812644 2.277375
870 1.812641 2.267548
871 1.81263 2.263691
872 1.81263 2.263726
873 1.81263 2.252402
874 1.81263 2.258639
875 1.812616 2.260655
876 1.812613 2.261075
877 1.812603 2.256521
878 1.812592 2.263572
879 1.812589 2.268725
880 1.812589 2.279999
881 1.812585 2.274147
882 1.812578 2.267739
883 1.812571 2.268404
884 1.812561 2.272945
885 1.812561 2.266379
886 1.812555 2.269929
887 1.812554 2.271119
888 1.812554 2.274833
889 1.812547 2.274406
890 1.812531 2.268668
891 1.812528 2.285295
892 1.812522 2.262805
893 1.812521 2.262667
894 1.812514 2.263746
895 1.812507 2.281969
896 1.812507 2.265276
897 1.812505 2.279571
898 1.812498 2.258672
899 1.812498 2.265975
900 1.812496 2.280236
901 1.81249 2.267868
902 1.81249 2.259731
903 1.81249 2.263399
904 1.812487 2.286149
905 1.812487 2.287866
906 1.812483 2.289202
907 1.812466 2.253134
908 1.812466 2.275687
909 1.812466 2.28071
910 1.812465 2.257968
911 1.812465 2.262883
912 1.812465 2.26709
913 1.812462 2.270005
914 1.812454 2.28266
915 1.812439 2.272237
916 1.812439 2.279093
917 1.812438 2.268085
918 1.812435 2.259304
919 1.812433 2.262531
920 1.812433 2.273921
921 1.81243 2.262717
922 1.812428 2.267845
923 1.812428 2.289596
924 1.812428 2.295484
925 1.812428 2.279666
926 1.812422 2.271087
927 1.81242 2.273136
928 1.812418 2.292008
929 1.812418 2.279954
930 1.812418 2.279939
931 1.812418 2.248758
932 1.81241 2.251378
933 1.812407 2.266868
934 1.812407 2.271703
935 1.812407 2.258018
936 1.812407 2.260009
937 1.812403 2.275655
938 1.812403 2.269021
939 1.812403 2.280424
940 1.8124 2.279474
941 1.8124 2.276023
942 1.812399 2.280724
943 1.812397 2.275077
944 1.812393 2.271573
945 1.812393 2.24807
946 1.812386 2.283255
947 1.812371 2.293076
948 1.812368 2.270042
949 1.812363 2.285214
950 1.812363 2.278908
951 1.812358 2.268811
952 1.812358 2.264035
953 1.812357 2.283032
954 1.812353 2.275242
955 1.812351 2.275866
956 1.812343 2.282335
957 1.812343 2.283878
958 1.812343 2.28266
959 1.812339 2.262263
960 1.812333 2.262383
961 1.812332 2.277792
962 1.812332 2.253456
963 1.812332 2.256387
964 1.812332 2.279555
965 1.81232 2.271439
966 1.812319 2.266086
967 1.812307 2.266144
968 1.812305 2.264159
969 1.812296 2.280461
970 1.812296 2.291125
971 1.812296 2.258808
972 1.812293 2.268574
973 1.812293 2.284132
974 1.81229 2.255857
975 1.812289 2.269856
976 1.812288 2.258354
977 1.812288 2.273456
978 1.812288 2.274428
979 1.812288 2.27307
980 1.812284 2.264279
981 1.812283 2.25544
982 1.812283 2.263713
983 1.812283 2.27365
984 1.812283 2.250865
985 1.812277 2.261686
986 1.812274 2.261333
987 1.812265 2.250656
988 1.812264 2.276611
989 1.812263 2.284195
990 1.812261 2.268042
991 1.81226 2.265244
992 1.812248 2.260959
993 1.812248 2.256935
994 1.812248 2.253824
995 1.812243 2.273359
996 1.812243 2.263712
997 1.81223 2.262272
998 1.812225 2.262686
999 1.812222 2.276466

