StartPoint = (0, 5)
EndPoint = (10, 0)
N Points = 20
Selection = Tournament
Tournament Size = 100
NCrossings = 4
NGenerations = 1000
PopulationSize = 120
MutationProb = 0.1
CrossoverProb = 0.9
MutationType = Gaussian
Elistic = 40


Best Result(mean): 1.811583

0 4.898932 7.623225
1 3.454801 5.768145
2 3.079507 4.463751
3 2.578727 4.145995
4 2.515895 3.865408
5 2.430629 3.715382
6 2.368765 3.932116
7 2.29663 3.738581
8 2.292995 3.571473
9 2.258619 3.494947
10 2.252516 3.818959
11 2.251641 3.754015
12 2.245642 3.519252
13 2.23804 3.87501
14 2.235309 3.681289
15 2.234898 3.760482
16 2.228231 3.805859
17 2.227408 3.72093
18 2.22559 3.738375
19 2.22482 3.700057
20 2.222592 3.659368
21 2.219911 3.353573
22 2.212815 3.612088
23 2.207931 3.533886
24 2.206829 3.5071
25 2.20315 3.588248
26 2.203118 3.422597
27 2.199362 3.604635
28 2.197629 3.317143
29 2.197 3.188031
30 2.197 3.312273
31 2.196383 3.300871
32 2.193006 3.105242
33 2.192134 3.378394
34 2.192081 3.383804
35 2.192036 3.287027
36 2.191428 3.24261
37 2.190058 3.184581
38 2.188414 3.463365
39 2.183411 3.254911
40 2.183242 2.952796
41 2.180868 3.126322
42 2.180434 2.853905
43 2.179551 3.189405
44 2.178482 3.042226
45 2.178482 3.327063
46 2.177866 3.378762
47 2.177761 3.111295
48 2.177686 3.073127
49 2.177686 2.943532
50 2.177686 2.873011
51 2.17751 2.99874
52 2.17751 2.894102
53 2.172874 2.740523
54 2.167208 2.826775
55 2.166914 2.578351
56 2.158273 2.758394
57 2.150436 2.632514
58 2.135553 2.685894
59 2.135119 2.539315
60 2.124058 2.563317
61 2.10794 2.76851
62 2.099955 2.714324
63 2.092063 2.782594
64 2.091007 2.588779
65 2.084666 2.582376
66 2.08338 2.513542
67 2.080797 2.540261
68 2.071157 2.563005
69 2.070087 2.529819
70 2.064413 2.491294
71 2.057152 2.530321
72 2.048355 2.622937
73 2.034104 2.538043
74 2.0194 2.341759
75 2.016136 2.241641
76 2.01424 2.338026
77 2.010917 2.25533
78 1.966594 2.267988
79 1.962786 2.265529
80 1.962538 2.313282
81 1.96171 2.224479
82 1.959472 2.181607
83 1.94789 2.235483
84 1.939342 2.271939
85 1.932727 2.225618
86 1.920504 2.197581
87 1.915172 2.23521
88 1.915042 2.13168
89 1.914124 2.266472
90 1.904517 2.281375
91 1.904517 2.225473
92 1.904396 2.112903
93 1.90243 2.186869
94 1.896906 2.177554
95 1.885366 2.146343
96 1.881163 2.146696
97 1.881163 2.14196
98 1.878424 2.144946
99 1.871627 2.174893
100 1.870141 2.102676
101 1.867643 2.121236
102 1.867428 2.224398
103 1.85679 2.174062
104 1.852775 2.185594
105 1.851764 2.160271
106 1.847545 2.159149
107 1.843107 2.182824
108 1.842069 2.203265
109 1.841534 2.182361
110 1.84136 2.165041
111 1.841165 2.156505
112 1.837294 2.117349
113 1.835186 2.148304
114 1.834657 2.189872
115 1.831331 2.199432
116 1.831291 2.092619
117 1.831161 2.089923
118 1.828937 2.201333
119 1.826867 2.072755
120 1.826794 2.112732
121 1.826794 2.089414
122 1.82646 2.095152
123 1.825955 2.139286
124 1.825955 2.127122
125 1.82576 2.036345
126 1.82576 2.13141
127 1.824793 2.141363
128 1.824785 2.140812
129 1.824293 2.073171
130 1.824185 2.083227
131 1.824185 2.16861
132 1.824185 2.138797
133 1.824136 2.217378
134 1.824136 2.074509
135 1.824136 2.204672
136 1.823868 2.079029
137 1.823586 2.21095
138 1.823547 2.159522
139 1.823547 2.138216
140 1.823345 2.160653
141 1.823121 2.141895
142 1.822833 2.218847
143 1.822807 2.106826
144 1.821792 2.137165
145 1.821792 2.090635
146 1.821565 2.156015
147 1.821499 2.057325
148 1.821445 2.109148
149 1.821445 2.137782
150 1.821138 2.169771
151 1.820466 2.074206
152 1.82024 2.17957
153 1.82024 2.18201
154 1.820233 2.140496
155 1.820083 2.077428
156 1.820083 2.17292
157 1.820083 2.203102
158 1.820083 2.081343
159 1.820011 2.111686
160 1.81937 2.127582
161 1.819275 2.156226
162 1.819249 2.083345
163 1.819249 2.128935
164 1.819249 2.060155
165 1.819249 2.113613
166 1.819249 2.152531
167 1.819205 2.149374
168 1.818861 2.055567
169 1.818776 2.128024
170 1.818765 2.124248
171 1.818765 2.095768
172 1.818711 2.040052
173 1.818692 2.057631
174 1.818637 2.054207
175 1.818048 2.204008
176 1.81794 2.174959
177 1.817745 2.103867
178 1.817742 2.107997
179 1.817436 2.140802
180 1.817436 2.078737
181 1.817152 2.136805
182 1.817083 2.152273
183 1.817083 2.072992
184 1.817083 2.16297
185 1.817028 2.094954
186 1.816511 2.153709
187 1.816511 2.133428
188 1.816441 2.1076
189 1.816441 2.123115
190 1.816441 2.121861
191 1.81601 2.154775
192 1.815802 2.110798
193 1.815802 2.125486
194 1.815802 2.130807
195 1.815495 2.081485
196 1.815433 2.131836
197 1.815433 2.135359
198 1.815433 2.112438
199 1.815331 2.110956
200 1.815331 2.218258
201 1.815331 2.233346
202 1.815331 2.095776
203 1.815331 2.100621
204 1.815331 2.138643
205 1.815331 2.097682
206 1.815331 2.1497
207 1.815331 2.137599
208 1.815331 2.15278
209 1.81522 2.107571
210 1.815215 2.112138
211 1.815215 2.119697
212 1.814945 2.034202
213 1.814945 2.088152
214 1.814706 2.092765
215 1.814706 2.134144
216 1.814706 2.24701
217 1.81467 2.097381
218 1.81467 2.145294
219 1.813927 2.100609
220 1.813927 2.112183
221 1.813927 2.073313
222 1.813683 2.085321
223 1.813683 2.094755
224 1.81368 2.105342
225 1.81368 2.096224
226 1.81368 2.144999
227 1.813643 2.106428
228 1.813642 2.10028
229 1.813642 2.127906
230 1.813642 2.141366
231 1.813642 2.130038
232 1.813642 2.110373
233 1.813593 2.079699
234 1.813579 2.156756
235 1.813579 2.174307
236 1.813568 2.134276
237 1.813568 2.136529
238 1.813568 2.158455
239 1.813568 2.100642
240 1.813568 2.115048
241 1.813568 2.149054
242 1.813568 2.155338
243 1.813568 2.052881
244 1.813568 2.084478
245 1.813568 2.083744
246 1.813568 2.133214
247 1.813568 2.143767
248 1.813568 2.129331
249 1.813568 2.177884
250 1.813568 2.109998
251 1.813568 2.144833
252 1.813568 2.11871
253 1.813568 2.083938
254 1.813524 2.112876
255 1.813524 2.163498
256 1.813492 2.107909
257 1.813412 2.02287
258 1.813412 2.171934
259 1.813412 2.07766
260 1.813412 2.07987
261 1.813412 2.185516
262 1.813412 2.049692
263 1.813412 2.148963
264 1.813412 2.12489
265 1.813412 2.18588
266 1.813372 2.051969
267 1.813372 2.085119
268 1.813372 2.041156
269 1.813372 2.043966
270 1.813372 2.131435
271 1.813327 2.100344
272 1.813327 2.090812
273 1.813327 2.152003
274 1.813327 2.184368
275 1.813327 2.181387
276 1.813327 2.144688
277 1.813271 2.085154
278 1.813271 2.239992
279 1.813271 2.101981
280 1.813271 2.098588
281 1.813271 2.17212
282 1.813205 2.089593
283 1.813205 2.07165
284 1.813088 2.037094
285 1.813088 2.192014
286 1.813075 2.123402
287 1.813049 2.110172
288 1.812999 2.125449
289 1.812999 2.050731
290 1.812999 2.104932
291 1.812946 2.129659
292 1.812946 2.129768
293 1.812946 2.07426
294 1.812946 2.083075
295 1.812946 2.041578
296 1.812946 2.074486
297 1.812918 2.105771
298 1.812918 2.119541
299 1.812918 2.122296
300 1.812918 2.111713
301 1.812918 2.129305
302 1.812918 2.144018
303 1.812918 2.072097
304 1.812918 2.149519
305 1.812918 2.173466
306 1.812918 2.11358
307 1.812918 2.119971
308 1.812917 2.027343
309 1.812917 2.062638
310 1.812917 2.119464
311 1.812699 2.069846
312 1.812699 2.04796
313 1.812699 2.087156
314 1.81268 2.077813
315 1.81268 2.145482
316 1.81268 2.111837
317 1.81268 2.111206
318 1.81268 2.121044
319 1.81268 2.159945
320 1.81268 2.098521
321 1.812542 2.081563
322 1.812542 2.140089
323 1.812542 2.137399
324 1.812542 2.041469
325 1.812542 2.101945
326 1.812542 2.071339
327 1.812542 2.034888
328 1.812542 2.153064
329 1.812498 2.12821
330 1.812491 2.13432
331 1.812491 2.137768
332 1.812491 2.119846
333 1.812453 2.161123
334 1.812453 2.07029
335 1.812442 2.067224
336 1.812441 2.08529
337 1.81243 2.085423
338 1.812318 2.185238
339 1.812318 2.093874
340 1.812318 2.174487
341 1.812318 2.099869
342 1.812318 2.086752
343 1.81229 2.098931
344 1.81229 2.045445
345 1.81229 2.090292
346 1.81229 2.174619
347 1.812277 2.153743
348 1.812277 2.114075
349 1.812277 2.154186
350 1.812277 2.019281
351 1.812277 2.118811
352 1.812277 2.139972
353 1.812277 2.059806
354 1.81225 2.158507
355 1.81225 2.044891
356 1.81225 2.067275
357 1.81225 2.103572
358 1.81225 2.242225
359 1.81225 2.133864
360 1.81225 2.052034
361 1.81225 2.129593
362 1.81225 2.087899
363 1.81225 2.109336
364 1.812248 2.141009
365 1.812248 2.087647
366 1.812204 2.129982
367 1.812146 2.074667
368 1.812146 2.109763
369 1.812146 2.164474
370 1.812146 2.025436
371 1.812146 2.127946
372 1.812138 2.034981
373 1.812138 2.122609
374 1.812084 2.098147
375 1.812084 2.124637
376 1.812084 2.081158
377 1.812072 2.193305
378 1.812068 2.124314
379 1.812068 2.038129
380 1.812068 2.240689
381 1.812029 2.108272
382 1.812029 2.163562
383 1.81202 2.087896
384 1.812017 2.161768
385 1.812017 2.086503
386 1.812017 2.067206
387 1.811945 2.078624
388 1.811945 2.160776
389 1.811945 2.075145
390 1.811945 2.009826
391 1.811945 2.109879
392 1.811945 2.148924
393 1.811945 2.09165
394 1.811909 2.147772
395 1.811909 2.049507
396 1.811872 2.146019
397 1.811872 2.103837
398 1.811872 2.111775
399 1.811872 2.05126
400 1.811872 2.135103
401 1.811872 2.066254
402 1.811872 2.108424
403 1.811872 2.155723
404 1.811872 2.049486
405 1.811871 2.170946
406 1.811871 2.155011
407 1.811871 2.142042
408 1.811871 2.082826
409 1.811871 2.174615
410 1.811871 2.05741
411 1.811871 2.110123
412 1.811865 2.133165
413 1.811865 2.091738
414 1.811865 2.160733
415 1.811865 2.086012
416 1.811865 2.093194
417 1.811865 2.112676
418 1.811865 2.103952
419 1.811865 2.092816
420 1.811865 2.101709
421 1.811865 2.115465
422 1.811865 2.045461
423 1.811865 2.04085
424 1.811865 2.147723
425 1.811865 2.092941
426 1.811865 2.160061
427 1.811865 2.264016
428 1.811865 2.107524
429 1.811865 2.065233
430 1.811865 2.135443
431 1.811865 2.16209
432 1.811865 2.041314
433 1.811865 2.114418
434 1.811865 2.096094
435 1.811865 2.11733
436 1.811865 2.135608
437 1.811865 2.110526
438 1.811865 2.207925
439 1.811865 2.148531
440 1.811865 2.145884
441 1.811865 2.142519
442 1.811865 2.128752
443 1.811865 2.160885
444 1.811865 2.114376
445 1.811865 2.10799
446 1.811865 2.039004
447 1.811847 2.038893
448 1.811847 2.080795
449 1.811847 2.07989
450 1.811847 2.068096
451 1.811847 2.087277
452 1.811847 2.210479
453 1.811847 2.101508
454 1.811847 2.099907
455 1.811847 2.155188
456 1.811847 2.072164
457 1.811846 2.078519
458 1.811846 2.065011
459 1.811846 2.06243
460 1.811846 2.239957
461 1.811846 2.130025
462 1.811846 2.032979
463 1.811846 2.068971
464 1.811837 2.086963
465 1.811837 2.145248
466 1.811837 2.122033
467 1.811837 2.121223
468 1.811837 2.088362
469 1.811837 2.105356
470 1.811837 2.116107
471 1.811837 2.124678
472 1.811837 2.096871
473 1.811837 2.164879
474 1.811837 2.043622
475 1.811837 2.062192
476 1.811837 2.112811
477 1.811837 2.134473
478 1.811837 2.043878
479 1.811837 2.126198
480 1.811837 2.020726
481 1.811837 2.13404
482 1.811837 2.136287
483 1.811837 2.029466
484 1.811833 2.07497
485 1.811833 2.11198
486 1.811833 2.222709
487 1.811833 2.040883
488 1.811833 2.077482
489 1.811833 2.157184
490 1.811833 2.07665
491 1.81179 2.11709
492 1.81179 2.100959
493 1.81179 2.100773
494 1.811761 2.087282
495 1.811761 2.054785
496 1.811761 2.096289
497 1.811761 2.113245
498 1.811761 2.144826
499 1.811757 2.141145
500 1.811757 2.137957
501 1.811757 2.171006
502 1.811757 2.117264
503 1.811757 2.133278
504 1.811757 2.066299
505 1.811757 2.087893
506 1.811757 2.084679
507 1.811757 2.166376
508 1.811757 2.132641
509 1.811757 2.048182
510 1.811757 2.078245
511 1.81171 2.101632
512 1.81171 2.077803
513 1.81171 2.179903
514 1.81171 2.106292
515 1.81171 2.08179
516 1.81171 2.124076
517 1.81171 2.104198
518 1.81171 2.089437
519 1.81171 2.136985
520 1.81171 2.124418
521 1.81171 2.155405
522 1.81171 2.05416
523 1.81171 2.054922
524 1.81171 2.129725
525 1.81171 2.210843
526 1.81171 2.068951
527 1.81171 2.064669
528 1.81171 2.175647
529 1.81171 2.118195
530 1.81171 2.173811
531 1.81171 2.065154
532 1.81171 2.087811
533 1.81171 2.064559
534 1.81171 2.076942
535 1.81171 2.075593
536 1.81171 2.118392
537 1.81171 2.098563
538 1.81171 2.074614
539 1.81171 2.186888
540 1.81171 2.142791
541 1.81171 2.086671
542 1.81171 2.191229
543 1.81171 2.121789
544 1.81171 2.184652
545 1.81171 2.060727
546 1.81171 2.247018
547 1.81171 2.028319
548 1.81171 2.153887
549 1.811706 2.032113
550 1.811706 2.119446
551 1.811706 2.125844
552 1.811706 2.165126
553 1.811706 2.14922
554 1.811706 2.15069
555 1.811706 2.070053
556 1.811706 2.159141
557 1.811706 2.064697
558 1.811706 2.138147
559 1.811706 2.025651
560 1.811706 2.181987
561 1.811706 2.135691
562 1.811706 2.114398
563 1.811705 2.129999
564 1.811705 2.164281
565 1.811705 2.107067
566 1.811705 2.100584
567 1.811705 2.068054
568 1.811705 2.059455
569 1.811705 2.163696
570 1.811705 2.113448
571 1.811705 2.128594
572 1.811705 2.200893
573 1.811705 2.050571
574 1.811705 2.097089
575 1.811705 2.056722
576 1.811705 2.130713
577 1.811705 2.082148
578 1.811705 2.139102
579 1.811705 2.121747
580 1.811705 2.155279
581 1.811705 2.109687
582 1.811705 2.117174
583 1.811705 2.077625
584 1.811705 2.165668
585 1.811705 2.211309
586 1.811705 2.145808
587 1.811705 2.117856
588 1.811705 2.036045
589 1.811705 2.053101
590 1.811705 2.180861
591 1.811705 2.114412
592 1.811705 2.097161
593 1.811705 2.142504
594 1.811705 2.112282
595 1.811705 2.077699
596 1.811705 2.080044
597 1.811705 2.226502
598 1.811705 2.100241
599 1.811705 2.10968
600 1.811705 2.2086
601 1.811705 2.10304
602 1.811705 2.090955
603 1.811705 2.111487
604 1.811705 2.116992
605 1.811705 2.169569
606 1.811705 2.08352
607 1.811705 2.147532
608 1.811705 2.105666
609 1.811705 2.085186
610 1.811705 2.152915
611 1.811705 2.066085
612 1.811705 2.099573
613 1.811702 2.120717
614 1.811702 2.125633
615 1.811702 2.072014
616 1.811701 2.142519
617 1.811701 2.077811
618 1.811701 2.130917
619 1.811701 2.11351
620 1.811701 2.089799
621 1.811701 2.105578
622 1.811701 2.048538
623 1.811701 2.088645
624 1.811701 2.159966
625 1.811701 2.093249
626 1.811701 2.088727
627 1.811701 2.066819
628 1.811701 2.162248
629 1.811701 2.071734
630 1.811701 2.089615
631 1.811701 2.070612
632 1.811701 2.132489
633 1.811701 2.151081
634 1.811701 2.081611
635 1.811701 2.16539
636 1.811701 2.141684
637 1.811701 2.180052
638 1.811701 2.101084
639 1.811701 2.080706
640 1.811701 2.118519
641 1.811701 2.10258
642 1.811699 2.050961
643 1.811699 2.163718
644 1.811699 2.089812
645 1.811699 2.115381
646 1.811699 2.133365
647 1.811699 2.217727
648 1.811699 2.12599
649 1.811699 2.078195
650 1.811697 2.093771
651 1.811697 2.138314
652 1.811697 2.125668
653 1.811693 2.078896
654 1.811693 2.128757
655 1.811692 2.191221
656 1.811692 2.053498
657 1.811692 2.074883
658 1.811692 2.145147
659 1.811692 2.153148
660 1.811692 2.070877
661 1.81169 2.09648
662 1.81169 2.131974
663 1.81169 2.109952
664 1.81169 2.135688
665 1.81169 2.123406
666 1.81169 2.08208
667 1.81169 2.143113
668 1.81169 2.069656
669 1.81169 2.075985
670 1.81169 2.092715
671 1.81169 2.164981
672 1.81169 2.1274
673 1.81169 2.14918
674 1.81169 2.090793
675 1.81169 2.141031
676 1.81169 2.098366
677 1.81169 2.10762
678 1.811683 2.078391
679 1.811683 2.155934
680 1.811683 2.084097
681 1.811683 2.117422
682 1.811683 2.139353
683 1.811683 2.108872
684 1.811683 2.025358
685 1.811683 2.137007
686 1.811683 2.125379
687 1.811683 2.07893
688 1.811683 2.04559
689 1.811683 2.223082
690 1.811683 2.060467
691 1.811683 2.078011
692 1.811683 2.105711
693 1.811683 2.139474
694 1.811683 2.144993
695 1.811683 2.139806
696 1.811683 2.155073
697 1.811683 2.125194
698 1.811683 2.171066
699 1.811683 2.127266
700 1.811683 2.098026
701 1.811683 2.093122
702 1.811683 2.051074
703 1.811683 2.120507
704 1.811683 2.178075
705 1.811683 2.05035
706 1.811683 2.020926
707 1.811683 2.070459
708 1.811683 2.110285
709 1.811683 2.130192
710 1.811683 2.096579
711 1.811683 2.074518
712 1.811683 2.033926
713 1.811683 2.037789
714 1.811683 2.012145
715 1.811683 2.08477
716 1.811683 2.104801
717 1.811683 2.120204
718 1.811683 2.077016
719 1.811683 2.111874
720 1.811683 2.124841
721 1.811683 2.065614
722 1.811683 2.152223
723 1.811682 2.08724
724 1.811682 2.065258
725 1.811682 2.071892
726 1.811682 2.114021
727 1.811682 2.092886
728 1.811682 2.066123
729 1.811682 2.12804
730 1.811682 2.115834
731 1.811682 2.051372
732 1.811682 2.084477
733 1.811682 2.129259
734 1.811682 2.092194
735 1.811682 2.199512
736 1.811682 2.08204
737 1.811682 2.108953
738 1.811682 2.133272
739 1.811682 2.069399
740 1.811682 2.143247
741 1.811682 2.085554
742 1.811682 2.09102
743 1.811682 2.022075
744 1.811682 2.090578
745 1.811682 2.138644
746 1.811682 2.182624
747 1.811673 2.240164
748 1.811673 2.119605
749 1.811673 2.058343
750 1.811673 2.126548
751 1.811673 2.102424
752 1.811673 2.101251
753 1.811673 2.12988
754 1.811673 2.110292
755 1.811673 2.091214
756 1.811673 2.064976
757 1.811673 2.076927
758 1.811673 2.149387
759 1.811673 2.117354
760 1.811673 2.117627
761 1.811673 2.101881
762 1.811673 2.116324
763 1.811673 2.113094
764 1.811666 2.141306
765 1.811666 2.079911
766 1.811666 2.097015
767 1.811666 2.086551
768 1.811666 2.110698
769 1.811666 2.073339
770 1.811666 2.158719
771 1.811664 2.113845
772 1.811664 2.082693
773 1.811664 2.12627
774 1.811664 2.071896
775 1.811664 2.091476
776 1.811664 2.072485
777 1.811664 2.07481
778 1.811664 2.088964
779 1.811664 2.108299
780 1.811664 2.068547
781 1.811664 2.159152
782 1.811664 2.192734
783 1.811664 2.105814
784 1.811655 2.100406
785 1.811655 2.103168
786 1.811655 2.097327
787 1.811655 2.086215
788 1.811655 2.091834
789 1.811655 2.087442
790 1.811655 2.117414
791 1.811655 2.155908
792 1.811655 2.155962
793 1.811655 2.147322
794 1.811655 2.110141
795 1.811655 2.099196
796 1.811651 2.123445
797 1.811651 2.085637
798 1.811651 2.143991
799 1.811651 2.083904
800 1.811651 2.082662
801 1.811651 2.043002
802 1.811651 2.193347
803 1.811651 2.145902
804 1.811634 2.080675
805 1.811634 2.041941
806 1.811634 2.059433
807 1.811634 2.121984
808 1.811634 2.090919
809 1.811634 2.132473
810 1.811634 2.171094
811 1.811634 2.07968
812 1.811634 2.096547
813 1.811634 2.110541
814 1.811634 2.125004
815 1.811634 2.108023
816 1.811625 2.157719
817 1.811625 2.159981
818 1.811625 2.049671
819 1.811625 2.1281
820 1.811625 2.16398
821 1.811625 2.147712
822 1.811625 2.119829
823 1.811625 2.122764
824 1.811625 2.240571
825 1.811625 2.14725
826 1.811625 2.093019
827 1.811625 2.105188
828 1.811625 2.062232
829 1.811625 2.096587
830 1.811625 2.089624
831 1.811625 2.053329
832 1.811625 2.134005
833 1.811625 2.1292
834 1.811625 2.151985
835 1.811625 2.078647
836 1.811625 2.160599
837 1.811622 2.075079
838 1.811622 2.110024
839 1.811622 2.194623
840 1.811622 2.086313
841 1.811622 2.05462
842 1.811622 2.076214
843 1.811622 2.086125
844 1.81162 2.115947
845 1.81162 2.10202
846 1.81162 2.076575
847 1.81162 2.115323
848 1.81162 2.084069
849 1.81162 2.169281
850 1.811616 2.087931
851 1.811616 2.174277
852 1.811616 2.089828
853 1.811616 2.126344
854 1.811616 2.177951
855 1.811616 2.208993
856 1.811616 2.146762
857 1.811616 2.111856
858 1.811616 2.07069
859 1.811616 2.08207
860 1.81161 2.091822
861 1.81161 2.071523
862 1.81161 2.125273
863 1.81161 2.067455
864 1.81161 2.079208
865 1.81161 2.124935
866 1.81161 2.148919
867 1.81161 2.153833
868 1.81161 2.110182
869 1.81161 2.104944
870 1.81161 2.088923
871 1.81161 2.120832
872 1.81161 2.039296
873 1.81161 2.12255
874 1.81161 2.121439
875 1.81161 2.154908
876 1.81161 2.125124
877 1.81161 2.063925
878 1.81161 2.148189
879 1.81161 2.136788
880 1.81161 2.108959
881 1.81161 2.117915
882 1.81161 2.177093
883 1.81161 2.147696
884 1.81161 2.228466
885 1.811607 2.106999
886 1.811607 2.100575
887 1.811607 2.223363
888 1.811607 2.074168
889 1.811607 2.115265
890 1.811607 2.096902
891 1.811607 2.063517
892 1.811607 2.143668
893 1.811607 2.118538
894 1.811607 2.176548
895 1.811607 2.146725
896 1.811607 2.112947
897 1.811607 2.112772
898 1.811607 2.0822
899 1.811607 2.108762
900 1.811607 2.088734
901 1.811606 2.103948
902 1.811606 2.139291
903 1.811606 2.107565
904 1.811606 2.10635
905 1.811606 2.131004
906 1.811606 2.177701
907 1.811599 2.135821
908 1.811599 2.085185
909 1.811599 2.06436
910 1.811599 2.093718
911 1.811599 2.064749
912 1.811599 2.114608
913 1.811599 2.119096
914 1.811599 2.107124
915 1.811599 2.118608
916 1.811599 2.182889
917 1.811599 2.142692
918 1.811599 2.084234
919 1.811599 2.076577
920 1.811599 2.136741
921 1.811599 2.134111
922 1.811599 2.077572
923 1.811598 2.118484
924 1.811593 2.071268
925 1.811593 2.173941
926 1.811593 2.157118
927 1.811593 2.074741
928 1.811593 2.096292
929 1.811584 2.074261
930 1.811584 2.092315
931 1.811584 2.072719
932 1.811584 2.147439
933 1.811584 2.137959
934 1.811584 2.203836
935 1.811584 2.075363
936 1.811584 2.063476
937 1.811584 2.133386
938 1.811584 2.125985
939 1.811584 2.123109
940 1.811584 2.12486
941 1.811584 2.208003
942 1.811584 2.026985
943 1.811584 2.09469
944 1.811584 2.082308
945 1.811584 2.228197
946 1.811583 2.144403
947 1.811583 2.076951
948 1.811583 2.083964
949 1.811583 2.09521
950 1.811583 2.161038
951 1.811583 2.079589
952 1.811583 2.069041
953 1.811583 2.121944
954 1.811583 2.068993
955 1.811583 2.131633
956 1.811583 2.124408
957 1.811583 2.125083
958 1.811583 2.160233
959 1.811583 2.129148
960 1.811583 2.077319
961 1.811583 2.155172
962 1.811583 2.142295
963 1.811583 2.134956
964 1.811583 2.121548
965 1.811583 2.094034
966 1.811583 2.120327
967 1.811583 2.141166
968 1.811583 2.060117
969 1.811583 2.124464
970 1.811583 2.09108
971 1.811583 2.127808
972 1.811583 2.151294
973 1.811583 2.103763
974 1.811583 2.171361
975 1.811583 2.13535
976 1.811583 2.12556
977 1.811583 2.055679
978 1.811583 2.126626
979 1.811583 2.177608
980 1.811583 2.115733
981 1.811583 2.136776
982 1.811583 2.159848
983 1.811583 2.164879
984 1.811583 2.113704
985 1.811583 2.143649
986 1.811583 2.137768
987 1.811583 2.109301
988 1.811583 2.109618
989 1.811583 2.049933
990 1.811583 2.125248
991 1.811583 2.11056
992 1.811583 2.070589
993 1.811583 2.120103
994 1.811583 2.078032
995 1.811583 2.081009
996 1.811583 2.126245
997 1.811583 2.071646
998 1.811583 2.067173
999 1.811583 2.080402

