StartPoint = (0, 5)
EndPoint = (10, 0)
N Points = 20
Selection = Tournament
Tournament Size = 100
NCrossings = 4
NGenerations = 1000
PopulationSize = 120
MutationProb = 0.1
CrossoverProb = 0.9
MutationType = Gaussian
Elistic = 40


Best Result(mean): 1.811395

0 4.625158 7.904458
1 3.595167 5.749938
2 3.032336 4.857821
3 2.769812 3.898773
4 2.579204 3.711428
5 2.459453 3.522343
6 2.34202 3.580201
7 2.305129 3.678224
8 2.279059 3.38118
9 2.245949 3.696828
10 2.219959 3.400697
11 2.214107 3.252553
12 2.202062 3.287985
13 2.184025 3.292622
14 2.173133 3.192875
15 2.161199 3.389859
16 2.15401 3.058524
17 2.151158 3.285875
18 2.149342 3.230154
19 2.142895 3.384822
20 2.130921 3.316516
21 2.128766 3.041557
22 2.125901 3.108206
23 2.12397 3.199881
24 2.122349 2.983274
25 2.114533 3.089909
26 2.11006 3.047921
27 2.10645 3.088001
28 2.103927 3.098245
29 2.103021 3.221817
30 2.097725 2.8134
31 2.088712 3.098226
32 2.086122 3.076649
33 2.085236 3.007071
34 2.083316 2.99214
35 2.080704 2.988046
36 2.0803 2.993673
37 2.079478 2.831117
38 2.079201 2.893009
39 2.077489 2.851051
40 2.077489 2.776636
41 2.076474 2.840895
42 2.076173 2.829182
43 2.075612 3.0416
44 2.074508 2.820472
45 2.074103 2.916907
46 2.07404 3.045874
47 2.073212 3.045608
48 2.072671 2.957953
49 2.07197 2.888128
50 2.068272 2.949368
51 2.063693 3.021151
52 2.05938 2.798334
53 2.044472 2.7186
54 2.044472 2.523077
55 2.044225 2.630391
56 2.037925 2.656981
57 2.024385 2.654952
58 2.02097 2.641972
59 2.018894 2.592505
60 2.017557 2.565209
61 2.010031 2.50664
62 2.009527 2.417703
63 2.004211 2.485611
64 2.00281 2.426092
65 1.999127 2.448065
66 1.998011 2.447717
67 1.988543 2.494346
68 1.964985 2.332036
69 1.95833 2.247584
70 1.941693 2.29737
71 1.940766 2.206361
72 1.936398 2.23858
73 1.931318 2.255017
74 1.928794 2.140033
75 1.92001 2.175645
76 1.900849 2.198101
77 1.897323 2.188876
78 1.894172 2.117592
79 1.885769 2.235085
80 1.884165 2.196743
81 1.881694 2.170082
82 1.87853 2.210154
83 1.87128 2.146309
84 1.870567 2.287412
85 1.868947 2.236083
86 1.868218 2.159817
87 1.866045 2.19552
88 1.865623 2.110708
89 1.865609 2.127068
90 1.863524 2.188005
91 1.863096 2.148556
92 1.862515 2.117652
93 1.86191 2.151391
94 1.857417 2.116431
95 1.857417 2.196492
96 1.855598 2.159801
97 1.853523 2.083937
98 1.845228 2.136694
99 1.844193 2.079118
100 1.843894 2.156163
101 1.843894 2.111918
102 1.843879 2.13105
103 1.841517 2.114897
104 1.838584 2.12271
105 1.83603 2.123454
106 1.83603 2.16644
107 1.83603 2.131669
108 1.83603 2.142553
109 1.835726 2.159388
110 1.835456 2.095169
111 1.835407 2.101666
112 1.83489 2.159853
113 1.833159 2.080663
114 1.830803 2.07811
115 1.829598 2.089965
116 1.82887 2.130792
117 1.826345 2.098501
118 1.825574 2.129624
119 1.824496 2.124784
120 1.824184 2.182729
121 1.823509 2.143328
122 1.822391 2.152329
123 1.82113 2.081156
124 1.820745 2.13736
125 1.820583 2.130368
126 1.819669 2.128236
127 1.819669 2.155177
128 1.819391 2.111078
129 1.819007 2.083415
130 1.818553 2.160288
131 1.818546 2.137519
132 1.818546 2.12108
133 1.818523 2.061517
134 1.81805 2.198472
135 1.81805 2.132763
136 1.817917 2.083473
137 1.817772 2.115702
138 1.817716 2.074287
139 1.817716 2.14914
140 1.817625 2.12213
141 1.817625 2.12568
142 1.817625 2.084015
143 1.817625 2.063544
144 1.817457 2.119705
145 1.817457 2.129977
146 1.817457 2.109454
147 1.817457 2.119729
148 1.817441 2.129141
149 1.816811 2.092411
150 1.816807 2.173763
151 1.816798 2.065379
152 1.81669 2.108171
153 1.816679 2.102964
154 1.816579 2.108749
155 1.816522 2.117719
156 1.816522 2.099305
157 1.816522 2.082498
158 1.816322 2.092167
159 1.816278 2.095086
160 1.816278 2.098417
161 1.816278 2.149583
162 1.816246 2.073521
163 1.816246 2.147581
164 1.816218 2.163424
165 1.816218 2.119764
166 1.816185 2.138286
167 1.816137 2.13517
168 1.816137 2.113649
169 1.816134 2.111861
170 1.816124 2.162049
171 1.816124 2.097031
172 1.815982 2.09057
173 1.815982 2.096063
174 1.815982 2.07782
175 1.815982 2.071866
176 1.815807 2.131238
177 1.815807 2.114554
178 1.8158 2.114417
179 1.8158 2.123878
180 1.815538 2.120934
181 1.815441 2.152698
182 1.815441 2.106259
183 1.815441 2.10697
184 1.815441 2.106143
185 1.815441 2.101948
186 1.815441 2.129794
187 1.815441 2.111337
188 1.815418 2.127408
189 1.815418 2.125429
190 1.815418 2.055567
191 1.815418 2.056303
192 1.815418 2.145437
193 1.815418 2.086033
194 1.815369 2.120843
195 1.815369 2.184883
196 1.81529 2.183624
197 1.81529 2.122894
198 1.81529 2.105252
199 1.815257 2.106302
200 1.815226 2.153877
201 1.815173 2.095418
202 1.814586 2.126116
203 1.814343 2.091941
204 1.814179 2.116431
205 1.814133 2.181646
206 1.814133 2.129765
207 1.814096 2.146692
208 1.814096 2.076083
209 1.814006 2.131623
210 1.814006 2.108831
211 1.814006 2.097965
212 1.813929 2.081305
213 1.813929 2.137404
214 1.813647 2.142142
215 1.813641 2.117878
216 1.813641 2.073065
217 1.813641 2.143435
218 1.813641 2.11681
219 1.813639 2.133174
220 1.813639 2.125081
221 1.813639 2.155914
222 1.813639 2.065469
223 1.813629 2.099073
224 1.813629 2.145147
225 1.813629 2.114462
226 1.813629 2.161783
227 1.813629 2.181588
228 1.813629 2.135632
229 1.813619 2.069252
230 1.813526 2.119625
231 1.813526 2.071668
232 1.81319 2.10113
233 1.813124 2.059602
234 1.813124 2.029781
235 1.813025 2.080399
236 1.813003 2.083321
237 1.812957 2.1819
238 1.812952 2.158783
239 1.812952 2.167651
240 1.812952 2.148228
241 1.812952 2.191104
242 1.812952 2.148115
243 1.812952 2.11267
244 1.81291 2.092599
245 1.8129 2.055869
246 1.8129 2.107669
247 1.8129 2.160772
248 1.8129 2.133113
249 1.8129 2.091225
250 1.8129 2.075444
251 1.8129 2.053857
252 1.8129 2.133711
253 1.8129 2.100431
254 1.8129 2.135071
255 1.812828 2.104358
256 1.81281 2.139544
257 1.81281 2.065192
258 1.81281 2.09473
259 1.81281 2.075795
260 1.812749 2.047165
261 1.812623 2.168943
262 1.812623 2.127638
263 1.812623 2.143948
264 1.812623 2.120291
265 1.812622 2.147232
266 1.812614 2.123051
267 1.812614 2.098666
268 1.812614 2.111831
269 1.812565 2.091577
270 1.812565 2.165724
271 1.812557 2.119145
272 1.812557 2.108708
273 1.812557 2.051144
274 1.812557 2.138678
275 1.812557 2.079135
276 1.812552 2.095676
277 1.812552 2.067039
278 1.812551 2.145633
279 1.812551 2.101522
280 1.81255 2.081386
281 1.81255 2.076273
282 1.812533 2.082121
283 1.812533 2.130183
284 1.812533 2.096028
285 1.812533 2.153513
286 1.812533 2.116981
287 1.812533 2.053022
288 1.812533 2.10428
289 1.812533 2.127942
290 1.812533 2.125165
291 1.812533 2.119146
292 1.812533 2.139563
293 1.812529 2.07638
294 1.812529 2.075413
295 1.812515 2.087995
296 1.812497 2.119039
297 1.812496 2.109202
298 1.812484 2.07862
299 1.812484 2.111314
300 1.812484 2.085317
301 1.812484 2.135852
302 1.812484 2.169003
303 1.812468 2.065659
304 1.812468 2.061668
305 1.812468 2.143432
306 1.812468 2.097418
307 1.812443 2.123043
308 1.812443 2.128294
309 1.812443 2.093666
310 1.812443 2.192685
311 1.812443 2.071302
312 1.812331 2.0829
313 1.812331 2.083401
314 1.812331 2.049963
315 1.812286 2.061486
316 1.812286 2.073699
317 1.812278 2.076648
318 1.812278 2.061922
319 1.812278 2.12221
320 1.812278 2.165617
321 1.812278 2.124616
322 1.812278 2.081115
323 1.812276 2.136463
324 1.812178 2.106385
325 1.812178 2.140567
326 1.812178 2.15184
327 1.812171 2.081361
328 1.812166 2.089302
329 1.812166 2.092782
330 1.812161 2.112436
331 1.812155 2.05501
332 1.812152 2.075316
333 1.812144 2.12687
334 1.812091 2.088107
335 1.812091 2.100003
336 1.812091 2.129121
337 1.812091 2.14443
338 1.812091 2.119581
339 1.812091 2.070535
340 1.812091 2.099944
341 1.812091 2.154813
342 1.812091 2.116942
343 1.812091 2.119974
344 1.812087 2.154807
345 1.812087 2.085396
346 1.812056 2.135592
347 1.812056 2.105883
348 1.812044 2.065421
349 1.812044 2.161894
350 1.812044 2.124726
351 1.812044 2.083347
352 1.812044 2.161008
353 1.811991 2.093015
354 1.811991 2.064998
355 1.811991 2.075692
356 1.811989 2.112738
357 1.811987 2.105343
358 1.811972 2.112036
359 1.811972 2.166578
360 1.811972 2.105968
361 1.811972 2.096157
362 1.811972 2.120576
363 1.811972 2.091552
364 1.811972 2.092383
365 1.811972 2.103411
366 1.811972 2.069372
367 1.811972 2.09433
368 1.811972 2.146139
369 1.811972 2.092597
370 1.811972 2.150965
371 1.811972 2.071344
372 1.811972 2.095737
373 1.811972 2.125124
374 1.811972 2.112457
375 1.811972 2.122139
376 1.811972 2.072407
377 1.811972 2.113007
378 1.811972 2.1219
379 1.811972 2.16359
380 1.811972 2.128933
381 1.811972 2.09065
382 1.811972 2.057462
383 1.811972 2.121356
384 1.811972 2.15827
385 1.811972 2.08534
386 1.811972 2.044456
387 1.811972 2.066104
388 1.811966 2.07605
389 1.811966 2.171252
390 1.811911 2.133055
391 1.811911 2.069407
392 1.811911 2.11662
393 1.811908 2.114445
394 1.811908 2.078005
395 1.811908 2.087029
396 1.811906 2.087523
397 1.811906 2.091633
398 1.811906 2.120391
399 1.811906 2.070936
400 1.811906 2.117513
401 1.811903 2.100053
402 1.811903 2.072601
403 1.811903 2.157355
404 1.811903 2.165192
405 1.811903 2.08128
406 1.811903 2.112082
407 1.811898 2.088162
408 1.811898 2.114305
409 1.811896 2.119638
410 1.811896 2.146161
411 1.811896 2.111555
412 1.811896 2.090943
413 1.811896 2.152711
414 1.811896 2.04536
415 1.811896 2.164648
416 1.811894 2.115302
417 1.811894 2.09634
418 1.811894 2.082951
419 1.811893 2.156635
420 1.811893 2.118144
421 1.811893 2.150105
422 1.811893 2.101871
423 1.811861 2.145725
424 1.811861 2.05944
425 1.811846 2.06165
426 1.811846 2.04459
427 1.811846 2.092913
428 1.811846 2.059568
429 1.811846 2.053897
430 1.811846 2.20132
431 1.811841 2.092231
432 1.811841 2.106733
433 1.811841 2.136679
434 1.811841 2.113024
435 1.811821 2.120757
436 1.811821 2.111971
437 1.811821 2.07852
438 1.811821 2.09987
439 1.811791 2.142901
440 1.811791 2.209416
441 1.811791 2.129119
442 1.811791 2.06134
443 1.811779 2.115169
444 1.811779 2.051572
445 1.811779 2.118345
446 1.811779 2.11616
447 1.811765 2.078012
448 1.811765 2.124687
449 1.811703 2.118643
450 1.811703 2.142094
451 1.811703 2.117726
452 1.811703 2.064035
453 1.811703 2.150029
454 1.811703 2.084552
455 1.811703 2.079336
456 1.811703 2.115967
457 1.811703 2.119588
458 1.811703 2.129992
459 1.811703 2.136155
460 1.811703 2.156936
461 1.811703 2.129806
462 1.811703 2.106177
463 1.811703 2.105133
464 1.811703 2.129831
465 1.811703 2.098123
466 1.811703 2.099382
467 1.811703 2.103259
468 1.811688 2.127219
469 1.811688 2.086117
470 1.811688 2.093079
471 1.811688 2.143128
472 1.811688 2.132961
473 1.811688 2.104625
474 1.811688 2.080696
475 1.811688 2.140305
476 1.811688 2.126359
477 1.811688 2.099071
478 1.811688 2.087561
479 1.811688 2.082137
480 1.811688 2.100952
481 1.811688 2.124781
482 1.811688 2.103812
483 1.811688 2.110846
484 1.811685 2.085746
485 1.811676 2.143034
486 1.811676 2.126115
487 1.811676 2.146729
488 1.811676 2.098674
489 1.81167 2.148468
490 1.81167 2.157969
491 1.81167 2.059718
492 1.81167 2.070582
493 1.81167 2.102042
494 1.81167 2.06032
495 1.81167 2.113995
496 1.81167 2.106544
497 1.811618 2.073393
498 1.811618 2.116331
499 1.811618 2.106677
500 1.811618 2.096951
501 1.811618 2.067524
502 1.811618 2.098594
503 1.811618 2.126181
504 1.811618 2.06962
505 1.811612 2.137561
506 1.811612 2.153274
507 1.811612 2.12371
508 1.811612 2.129549
509 1.811612 2.105849
510 1.811612 2.092664
511 1.811612 2.102989
512 1.811612 2.023949
513 1.811612 2.111576
514 1.811612 2.166687
515 1.811612 2.035936
516 1.811612 2.129452
517 1.811612 2.117518
518 1.811612 2.086057
519 1.811612 2.110229
520 1.811612 2.088636
521 1.811612 2.078757
522 1.811612 2.159017
523 1.811612 2.103326
524 1.811612 2.103964
525 1.811612 2.107697
526 1.811612 2.16734
527 1.811612 2.061484
528 1.811612 2.081129
529 1.811612 2.09024
530 1.811612 2.173936
531 1.811612 2.07347
532 1.811612 2.13358
533 1.811612 2.089484
534 1.811612 2.122813
535 1.811612 2.097418
536 1.811612 2.089205
537 1.811612 2.067983
538 1.811611 2.118112
539 1.811611 2.129809
540 1.811611 2.068003
541 1.811611 2.139614
542 1.811608 2.148622
543 1.811608 2.085411
544 1.811608 2.117209
545 1.811608 2.094412
546 1.811589 2.117188
547 1.811589 2.11175
548 1.811589 2.094419
549 1.811589 2.04326
550 1.811589 2.156745
551 1.811589 2.147669
552 1.811589 2.102439
553 1.811589 2.124669
554 1.811589 2.200245
555 1.811589 2.107684
556 1.811589 2.183219
557 1.811589 2.136545
558 1.811589 2.097984
559 1.811589 2.091566
560 1.811589 2.093501
561 1.811589 2.161926
562 1.811573 2.125262
563 1.811573 2.135867
564 1.811573 2.066154
565 1.811573 2.050122
566 1.811573 2.107759
567 1.811573 2.076276
568 1.811573 2.097637
569 1.811573 2.138178
570 1.811573 2.045046
571 1.811573 2.159329
572 1.811573 2.114327
573 1.811566 2.116505
574 1.811563 2.101855
575 1.811563 2.107268
576 1.811563 2.054207
577 1.811563 2.099917
578 1.811563 2.087532
579 1.81156 2.143399
580 1.81156 2.089106
581 1.811532 2.100015
582 1.811532 2.120217
583 1.811532 2.101892
584 1.811532 2.133968
585 1.811532 2.134619
586 1.811532 2.151805
587 1.811532 2.158854
588 1.811532 2.094943
589 1.811532 2.074829
590 1.811532 2.097414
591 1.811532 2.095242
592 1.811531 2.162902
593 1.811531 2.088271
594 1.811525 2.138743
595 1.811525 2.143619
596 1.811525 2.125666
597 1.811525 2.140121
598 1.811525 2.050934
599 1.811525 2.08363
600 1.811525 2.081933
601 1.811525 2.070567
602 1.811525 2.102781
603 1.811525 2.075272
604 1.811525 2.060432
605 1.811524 2.089617
606 1.811524 2.152361
607 1.811524 2.06813
608 1.811524 2.146719
609 1.811524 2.145783
610 1.811524 2.10396
611 1.811524 2.139008
612 1.811524 2.099225
613 1.811524 2.135353
614 1.811524 2.139708
615 1.81152 2.101152
616 1.81152 2.138173
617 1.81152 2.070472
618 1.811515 2.098068
619 1.811515 2.099751
620 1.811515 2.092326
621 1.811515 2.152878
622 1.811515 2.136364
623 1.811515 2.104725
624 1.811515 2.161315
625 1.811515 2.089191
626 1.811486 2.077643
627 1.811486 2.141892
628 1.811486 2.06503
629 1.811486 2.098854
630 1.811486 2.099632
631 1.811477 2.168555
632 1.811477 2.088518
633 1.811477 2.08042
634 1.811477 2.105773
635 1.811475 2.116587
636 1.811475 2.103101
637 1.811475 2.079962
638 1.811475 2.18773
639 1.811475 2.056696
640 1.811475 2.065227
641 1.811475 2.116601
642 1.811475 2.058582
643 1.811475 2.085518
644 1.811475 2.065305
645 1.811475 2.050124
646 1.811475 2.123882
647 1.811475 2.074306
648 1.811475 2.044604
649 1.811475 2.0721
650 1.811475 2.063602
651 1.811475 2.101122
652 1.811475 2.102785
653 1.811473 2.087601
654 1.811473 2.138835
655 1.811473 2.11404
656 1.811473 2.098745
657 1.811473 2.109727
658 1.811473 2.083135
659 1.811473 2.146429
660 1.811473 2.114768
661 1.811473 2.122462
662 1.811473 2.124453
663 1.811473 2.12516
664 1.811473 2.14415
665 1.811473 2.109502
666 1.811473 2.113778
667 1.811473 2.09143
668 1.811469 2.12004
669 1.811469 2.098593
670 1.811469 2.103965
671 1.811469 2.09568
672 1.811469 2.128787
673 1.811469 2.110165
674 1.811469 2.093529
675 1.811469 2.065725
676 1.811469 2.070139
677 1.811469 2.143705
678 1.811469 2.06712
679 1.811469 2.082846
680 1.811468 2.117706
681 1.811468 2.061956
682 1.811468 2.096409
683 1.811468 2.104954
684 1.811468 2.078277
685 1.811468 2.099648
686 1.811468 2.108913
687 1.811468 2.15416
688 1.811468 2.122812
689 1.811468 2.094423
690 1.811468 2.118582
691 1.811468 2.106833
692 1.811468 2.10661
693 1.811468 2.103372
694 1.811465 2.077324
695 1.811465 2.155444
696 1.811465 2.060964
697 1.811465 2.127915
698 1.811465 2.082387
699 1.811465 2.149136
700 1.811465 2.09472
701 1.811465 2.113516
702 1.811465 2.033329
703 1.811465 2.049537
704 1.811465 2.091952
705 1.811465 2.048918
706 1.811465 2.120856
707 1.811465 2.098044
708 1.811465 2.130327
709 1.811465 2.10695
710 1.811465 2.113984
711 1.811465 2.115942
712 1.811465 2.126351
713 1.811465 2.108402
714 1.811465 2.10765
715 1.811465 2.109239
716 1.811465 2.085456
717 1.811465 2.103129
718 1.811465 2.114442
719 1.811465 2.043531
720 1.811465 2.10306
721 1.811465 2.130584
722 1.811465 2.164358
723 1.811465 2.052364
724 1.811465 2.112761
725 1.811465 2.120962
726 1.811465 2.1217
727 1.811465 2.152898
728 1.811465 2.14923
729 1.811465 2.131443
730 1.811465 2.079321
731 1.811465 2.085526
732 1.811465 2.107908
733 1.811465 2.059625
734 1.811465 2.071148
735 1.811465 2.057369
736 1.811465 2.110795
737 1.811465 2.086526
738 1.811465 2.11034
739 1.811465 2.073507
740 1.811465 2.099342
741 1.811465 2.105257
742 1.811465 2.069413
743 1.811456 2.204166
744 1.811456 2.135323
745 1.811456 2.099958
746 1.811456 2.088451
747 1.811456 2.183097
748 1.811456 2.084117
749 1.811456 2.097017
750 1.811456 2.110016
751 1.811456 2.118038
752 1.811456 2.117599
753 1.811456 2.12962
754 1.811456 2.084717
755 1.811452 2.159729
756 1.81145 2.096394
757 1.81145 2.125224
758 1.81145 2.104667
759 1.81145 2.176732
760 1.811443 2.099877
761 1.811443 2.13212
762 1.811443 2.165126
763 1.811443 2.081112
764 1.811443 2.135238
765 1.811443 2.066057
766 1.811443 2.109865
767 1.811443 2.125915
768 1.811443 2.123068
769 1.811443 2.078222
770 1.811443 2.119581
771 1.811443 2.080769
772 1.811443 2.140543
773 1.811443 2.087822
774 1.811443 2.119821
775 1.811441 2.105479
776 1.811441 2.128635
777 1.811441 2.075436
778 1.811441 2.069424
779 1.811441 2.108909
780 1.81144 2.145069
781 1.81144 2.123534
782 1.81144 2.11486
783 1.81144 2.136543
784 1.81144 2.107819
785 1.81144 2.10413
786 1.811439 2.084753
787 1.811439 2.103158
788 1.811439 2.142473
789 1.811439 2.147223
790 1.811439 2.10491
791 1.811439 2.200686
792 1.811439 2.13782
793 1.811439 2.123536
794 1.811439 2.144761
795 1.811439 2.109452
796 1.811439 2.096381
797 1.811439 2.138586
798 1.811439 2.072836
799 1.811439 2.08861
800 1.811439 2.210908
801 1.811439 2.118512
802 1.811437 2.097048
803 1.811437 2.13882
804 1.811437 2.111446
805 1.811437 2.11643
806 1.811437 2.162304
807 1.811437 2.164123
808 1.811437 2.079783
809 1.811437 2.155725
810 1.811437 2.14447
811 1.811437 2.138766
812 1.811437 2.068287
813 1.811429 2.096682
814 1.811429 2.033671
815 1.811429 2.118222
816 1.811429 2.114858
817 1.811429 2.177416
818 1.811429 2.152759
819 1.811429 2.120934
820 1.811429 2.146357
821 1.811429 2.144105
822 1.811429 2.074508
823 1.811429 2.113588
824 1.811425 2.137057
825 1.811425 2.082957
826 1.811425 2.125792
827 1.811425 2.135173
828 1.811425 2.052963
829 1.811425 2.110397
830 1.811425 2.135992
831 1.811425 2.136435
832 1.811425 2.096644
833 1.811425 2.127691
834 1.811425 2.110476
835 1.811425 2.088074
836 1.811425 2.11416
837 1.811425 2.15626
838 1.811425 2.079946
839 1.811425 2.054137
840 1.811425 2.136461
841 1.811425 2.167281
842 1.811425 2.160262
843 1.811425 2.160637
844 1.811425 2.061943
845 1.811422 2.091328
846 1.811421 2.171107
847 1.811421 2.120803
848 1.811421 2.081194
849 1.811421 2.091116
850 1.811421 2.076375
851 1.811421 2.096697
852 1.811421 2.124641
853 1.811421 2.190354
854 1.811419 2.087209
855 1.811419 2.125243
856 1.811419 2.082813
857 1.811418 2.092689
858 1.811418 2.104092
859 1.811417 2.085857
860 1.811417 2.087791
861 1.811417 2.112952
862 1.811417 2.148792
863 1.811417 2.081638
864 1.811417 2.121933
865 1.811417 2.099855
866 1.811417 2.064034
867 1.811417 2.097749
868 1.811417 2.134746
869 1.811417 2.157027
870 1.811417 2.07857
871 1.811417 2.13734
872 1.811417 2.155982
873 1.811416 2.048375
874 1.811416 2.076845
875 1.811416 2.140907
876 1.811416 2.148644
877 1.811416 2.074322
878 1.811416 2.126024
879 1.811416 2.13781
880 1.811416 2.078417
881 1.811416 2.116601
882 1.811416 2.108788
883 1.811416 2.144959
884 1.811416 2.132214
885 1.811416 2.135694
886 1.811416 2.079189
887 1.811416 2.141475
888 1.811416 2.114071
889 1.811416 2.141258
890 1.811416 2.118908
891 1.811416 2.106557
892 1.811416 2.084704
893 1.811416 2.171722
894 1.811416 2.098802
895 1.811416 2.118988
896 1.811416 2.149247
897 1.811416 2.096045
898 1.811416 2.139763
899 1.811413 2.101277
900 1.811413 2.111456
901 1.811413 2.092394
902 1.811413 2.088872
903 1.811413 2.117812
904 1.811413 2.097458
905 1.811413 2.152665
906 1.811413 2.048421
907 1.811413 2.125827
908 1.811413 2.063584
909 1.811413 2.096795
910 1.811413 2.083715
911 1.811413 2.089517
912 1.811413 2.139917
913 1.811413 2.108717
914 1.811413 2.114209
915 1.811413 2.128432
916 1.811413 2.093106
917 1.811413 2.11705
918 1.811413 2.07086
919 1.811413 2.054874
920 1.811413 2.09554
921 1.811413 2.087385
922 1.811413 2.089595
923 1.811413 2.079483
924 1.811413 2.113852
925 1.811413 2.062022
926 1.811413 2.118455
927 1.811413 2.076012
928 1.811413 2.097672
929 1.811413 2.117874
930 1.811413 2.165971
931 1.811413 2.128476
932 1.811413 2.075874
933 1.811413 2.106034
934 1.811408 2.109782
935 1.811408 2.100673
936 1.811408 2.116416
937 1.811407 2.086692
938 1.811407 2.115726
939 1.811407 2.134395
940 1.811407 2.150475
941 1.811407 2.106602
942 1.811404 2.074996
943 1.811404 2.067918
944 1.811404 2.085984
945 1.811404 2.090926
946 1.811404 2.163647
947 1.811404 2.091319
948 1.811404 2.092858
949 1.811404 2.106404
950 1.811404 2.106864
951 1.811404 2.089947
952 1.811404 2.053279
953 1.811404 2.14347
954 1.8114 2.097111
955 1.8114 2.107821
956 1.8114 2.122166
957 1.811398 2.104617
958 1.811398 2.120383
959 1.811398 2.078189
960 1.811398 2.081797
961 1.811396 2.054517
962 1.811396 2.117311
963 1.811396 2.115308
964 1.811396 2.143661
965 1.811396 2.121528
966 1.811396 2.076771
967 1.811396 2.136896
968 1.811396 2.107208
969 1.811396 2.098469
970 1.811396 2.11088
971 1.811396 2.082074
972 1.811396 2.093476
973 1.811396 2.181757
974 1.811396 2.134288
975 1.811396 2.120863
976 1.811396 2.124273
977 1.811396 2.11949
978 1.811396 2.090244
979 1.811396 2.144778
980 1.811396 2.147671
981 1.811396 2.113687
982 1.811396 2.130331
983 1.811396 2.092562
984 1.811396 2.110896
985 1.811396 2.063461
986 1.811396 2.139476
987 1.811396 2.101234
988 1.811396 2.100276
989 1.811396 2.101732
990 1.811396 2.125171
991 1.811396 2.190174
992 1.811396 2.130239
993 1.811396 2.090729
994 1.811396 2.105406
995 1.811396 2.142967
996 1.811396 2.096816
997 1.811396 2.110449
998 1.811396 2.130999
999 1.811395 2.130392

