StartPoint = (0, 5)
EndPoint = (10, 0)
N Points = 20
Selection = Tournament
Tournament Size = 100
NCrossings = 4
NGenerations = 1000
PopulationSize = 120
MutationProb = 0.1
CrossoverProb = 0.9
MutationType = Gaussian
Elistic = 40


Best Result(mean): 1.808748

0 4.501901 7.987959
1 3.406699 5.641296
2 2.948103 4.860423
3 2.75785 4.075775
4 2.578481 3.995171
5 2.456849 3.958949
6 2.390475 3.982234
7 2.361472 3.850923
8 2.349891 3.793546
9 2.335137 4.269317
10 2.321448 3.920008
11 2.316909 3.844013
12 2.305432 3.972868
13 2.304496 3.866688
14 2.301859 3.852259
15 2.293893 3.719423
16 2.281825 3.755399
17 2.263243 3.912997
18 2.257465 3.865758
19 2.255975 3.658102
20 2.25441 3.804286
21 2.253798 3.687131
22 2.245131 3.644267
23 2.243701 3.683335
24 2.243433 3.491001
25 2.242429 3.659193
26 2.240541 3.593806
27 2.240541 3.651757
28 2.239952 3.743825
29 2.239419 3.670891
30 2.237988 3.763623
31 2.237667 3.623017
32 2.235507 3.907254
33 2.235507 3.576591
34 2.23375 3.61136
35 2.231051 3.599283
36 2.231051 3.79722
37 2.230304 3.37061
38 2.229672 3.323571
39 2.229672 3.4599
40 2.228083 3.354451
41 2.210874 3.308951
42 2.210166 3.242998
43 2.210166 3.385506
44 2.208814 3.401344
45 2.195885 3.555845
46 2.195146 3.397975
47 2.194872 3.540063
48 2.193728 3.123875
49 2.193728 3.377944
50 2.19356 3.252432
51 2.19356 3.433818
52 2.19356 3.291592
53 2.192886 3.266487
54 2.192205 3.269732
55 2.190349 3.160457
56 2.189828 3.199785
57 2.189662 3.378945
58 2.189636 3.329457
59 2.189612 3.410947
60 2.188574 3.315923
61 2.187709 3.253453
62 2.179648 3.236388
63 2.162172 3.140162
64 2.153454 3.180927
65 2.150648 3.26003
66 2.148937 3.214514
67 2.146804 3.096481
68 2.142525 3.092833
69 2.135257 3.004968
70 2.133243 3.03035
71 2.13284 3.216243
72 2.131535 2.964219
73 2.127424 3.081541
74 2.126422 3.167454
75 2.124437 3.182671
76 2.120898 3.138791
77 2.118565 3.085193
78 2.116486 2.915862
79 2.113464 2.875041
80 2.111462 3.045214
81 2.107419 3.004964
82 2.1048 3.049119
83 2.089304 3.021704
84 2.088267 2.853677
85 2.087352 2.96738
86 2.087352 2.961632
87 2.084596 2.941279
88 2.079084 2.825372
89 2.078176 2.913615
90 2.077569 2.807453
91 2.07756 2.72126
92 2.064145 2.738974
93 2.047598 2.682462
94 2.042244 2.556851
95 2.040342 2.487829
96 2.028833 2.532546
97 2.021238 2.535576
98 2.019347 2.617932
99 2.017099 2.583926
100 2.013028 2.606788
101 2.00784 2.552993
102 2.005357 2.482917
103 1.993304 2.486562
104 1.993185 2.597075
105 1.989581 2.60845
106 1.984083 2.523643
107 1.984083 2.575077
108 1.98137 2.509759
109 1.980696 2.590508
110 1.978126 2.466125
111 1.97263 2.571995
112 1.969419 2.663348
113 1.962241 2.504094
114 1.961054 2.297363
115 1.956624 2.407195
116 1.955054 2.365082
117 1.954125 2.511767
118 1.949881 2.439171
119 1.947752 2.399236
120 1.934412 2.322289
121 1.934332 2.347664
122 1.927488 2.157165
123 1.927488 2.226181
124 1.921451 2.161144
125 1.906945 2.153615
126 1.902754 2.168341
127 1.89991 2.142088
128 1.89991 2.229136
129 1.898186 2.19447
130 1.894497 2.148692
131 1.890253 2.185566
132 1.886479 2.152634
133 1.880576 2.181542
134 1.872546 2.118632
135 1.865437 2.132881
136 1.857574 2.161742
137 1.856699 2.126989
138 1.852743 2.170936
139 1.846896 2.16204
140 1.846896 2.143917
141 1.84488 2.11991
142 1.844796 2.088789
143 1.842893 2.196084
144 1.841406 2.133458
145 1.838373 2.090427
146 1.836755 2.136251
147 1.836755 2.128336
148 1.836581 2.099484
149 1.832514 2.143132
150 1.832503 2.082142
151 1.832393 2.126733
152 1.832352 2.117995
153 1.832235 2.164199
154 1.831923 2.141657
155 1.831894 2.088856
156 1.831769 2.139478
157 1.831762 2.121198
158 1.831478 2.124791
159 1.831293 2.125028
160 1.82962 2.072173
161 1.828957 2.135272
162 1.828402 2.106313
163 1.827009 2.13793
164 1.827009 2.140081
165 1.826903 2.095891
166 1.826745 2.125369
167 1.825325 2.1581
168 1.825325 2.149433
169 1.825302 2.092659
170 1.825261 2.059227
171 1.824126 2.097378
172 1.82384 2.133682
173 1.82384 2.112605
174 1.823561 2.138011
175 1.823561 2.102438
176 1.823046 2.125169
177 1.823032 2.16113
178 1.82253 2.1259
179 1.822378 2.145067
180 1.822376 2.060764
181 1.821303 2.113296
182 1.821303 2.099174
183 1.821303 2.068483
184 1.82107 2.152421
185 1.820802 2.144931
186 1.820536 2.099682
187 1.820194 2.101611
188 1.820194 2.093933
189 1.819968 2.184571
190 1.819256 2.103397
191 1.819012 2.086563
192 1.819012 2.097441
193 1.818831 2.109031
194 1.817399 2.12184
195 1.817399 2.133362
196 1.81735 2.100219
197 1.817345 2.091464
198 1.817242 2.122016
199 1.817237 2.125245
200 1.81697 2.069353
201 1.816689 2.145199
202 1.816626 2.056172
203 1.816626 2.123034
204 1.816626 2.119428
205 1.816442 2.125703
206 1.816442 2.134133
207 1.816374 2.067405
208 1.816303 2.126005
209 1.81629 2.118392
210 1.816277 2.125129
211 1.816277 2.105876
212 1.81624 2.125661
213 1.816207 2.068192
214 1.815883 2.098115
215 1.815883 2.127573
216 1.815873 2.088582
217 1.815856 2.073956
218 1.815815 2.108871
219 1.814983 2.079144
220 1.814981 2.166541
221 1.814981 2.129835
222 1.814965 2.096198
223 1.814965 2.101006
224 1.814914 2.183491
225 1.814914 2.085259
226 1.814869 2.115858
227 1.814857 2.102558
228 1.814734 2.095519
229 1.814734 2.12303
230 1.814711 2.072196
231 1.814671 2.11839
232 1.814653 2.135395
233 1.814653 2.105655
234 1.814579 2.074264
235 1.814567 2.156455
236 1.814551 2.105906
237 1.814542 2.108349
238 1.814542 2.080029
239 1.814525 2.088601
240 1.814525 2.076864
241 1.814525 2.11191
242 1.814525 2.089187
243 1.814525 2.117255
244 1.814412 2.060747
245 1.814412 2.118546
246 1.814412 2.082069
247 1.814412 2.09306
248 1.814412 2.146097
249 1.814401 2.034883
250 1.81435 2.095033
251 1.81435 2.095642
252 1.81435 2.154228
253 1.81435 2.102242
254 1.814328 2.070018
255 1.81431 2.079412
256 1.81431 2.077418
257 1.814211 2.089694
258 1.814181 2.08922
259 1.81418 2.104942
260 1.81418 2.119831
261 1.81418 2.126225
262 1.81418 2.093493
263 1.814036 2.159275
264 1.814017 2.080148
265 1.813995 2.089726
266 1.813995 2.133436
267 1.813995 2.079225
268 1.813995 2.09369
269 1.813995 2.079678
270 1.813995 2.104741
271 1.813837 2.128722
272 1.813833 2.09276
273 1.813832 2.140053
274 1.813832 2.144269
275 1.813832 2.149528
276 1.813832 2.163565
277 1.813832 2.101438
278 1.81356 2.162198
279 1.813527 2.077628
280 1.813483 2.100674
281 1.813483 2.089864
282 1.813483 2.109811
283 1.813483 2.137707
284 1.813435 2.122566
285 1.813435 2.084349
286 1.813403 2.128308
287 1.813403 2.154143
288 1.813391 2.116113
289 1.813391 2.104483
290 1.813391 2.175731
291 1.813391 2.143348
292 1.813391 2.090398
293 1.813372 2.060823
294 1.813372 2.103925
295 1.813372 2.100885
296 1.813229 2.152399
297 1.813177 2.07484
298 1.813177 2.085753
299 1.813177 2.106355
300 1.813099 2.094457
301 1.813099 2.100111
302 1.813099 2.108636
303 1.813084 2.106535
304 1.813084 2.092442
305 1.813074 2.112305
306 1.813074 2.091606
307 1.813074 2.1211
308 1.813074 2.104621
309 1.813074 2.079996
310 1.813067 2.088134
311 1.813067 2.163973
312 1.813043 2.11611
313 1.813043 2.153666
314 1.813039 2.128829
315 1.813039 2.19887
316 1.813031 2.178527
317 1.813031 2.110085
318 1.813031 2.123477
319 1.813031 2.139832
320 1.813031 2.138949
321 1.813 2.100218
322 1.813 2.10525
323 1.812949 2.108769
324 1.812949 2.100175
325 1.812949 2.129581
326 1.812949 2.147453
327 1.812949 2.116695
328 1.812935 2.110811
329 1.812918 2.056198
330 1.812896 2.163462
331 1.812896 2.104109
332 1.812896 2.148673
333 1.812896 2.095191
334 1.812896 2.046445
335 1.812896 2.121582
336 1.812896 2.159087
337 1.812896 2.057125
338 1.812875 2.094051
339 1.812875 2.152201
340 1.812875 2.120399
341 1.812875 2.128432
342 1.812867 2.103102
343 1.812867 2.111336
344 1.812867 2.102177
345 1.812867 2.088473
346 1.812842 2.065489
347 1.812842 2.100723
348 1.812842 2.101411
349 1.812842 2.136124
350 1.812842 2.112712
351 1.812842 2.096265
352 1.812842 2.101868
353 1.812842 2.129749
354 1.812842 2.087647
355 1.812842 2.087156
356 1.812842 2.096895
357 1.812842 2.148836
358 1.812831 2.052488
359 1.812831 2.08596
360 1.812831 2.07403
361 1.812831 2.165796
362 1.812831 2.152803
363 1.812831 2.051957
364 1.812831 2.094848
365 1.812831 2.073421
366 1.812792 2.09938
367 1.812792 2.150335
368 1.812792 2.070226
369 1.812767 2.158589
370 1.812767 2.09622
371 1.812737 2.079823
372 1.812737 2.105161
373 1.812737 2.115293
374 1.812737 2.186594
375 1.812737 2.11411
376 1.812737 2.090188
377 1.812736 2.121024
378 1.812736 2.062768
379 1.812716 2.13964
380 1.812688 2.070434
381 1.812688 2.095119
382 1.81259 2.065096
383 1.81259 2.128625
384 1.812377 2.119285
385 1.812367 2.103637
386 1.812367 2.161322
387 1.812367 2.079671
388 1.812367 2.085086
389 1.812337 2.042591
390 1.812337 2.132916
391 1.812337 2.08585
392 1.812337 2.167779
393 1.812337 2.043512
394 1.812337 2.050775
395 1.812337 2.114743
396 1.812337 2.124669
397 1.812337 2.104817
398 1.812337 2.11459
399 1.812335 2.187131
400 1.812326 2.101139
401 1.812326 2.125354
402 1.812326 2.116895
403 1.812326 2.133788
404 1.812326 2.102937
405 1.812326 2.100574
406 1.812326 2.105457
407 1.812318 2.075972
408 1.812318 2.141454
409 1.812318 2.099782
410 1.812251 2.076641
411 1.812245 2.12448
412 1.812245 2.068015
413 1.812245 2.093557
414 1.812245 2.174508
415 1.812245 2.120334
416 1.812234 2.085144
417 1.812226 2.07543
418 1.812226 2.117375
419 1.812226 2.237239
420 1.812226 2.117444
421 1.812226 2.186498
422 1.812226 2.091411
423 1.812226 2.102448
424 1.812206 2.099483
425 1.812206 2.114205
426 1.812201 2.107144
427 1.812201 2.126913
428 1.812201 2.080112
429 1.812201 2.142124
430 1.812201 2.07623
431 1.812201 2.131496
432 1.812193 2.139708
433 1.812176 2.186111
434 1.812176 2.037286
435 1.812176 2.104069
436 1.812176 2.091352
437 1.812176 2.072006
438 1.812176 2.131007
439 1.812176 2.083681
440 1.812176 2.081245
441 1.812176 2.090693
442 1.812176 2.137311
443 1.812173 2.1118
444 1.812173 2.099712
445 1.812173 2.080555
446 1.812173 2.108525
447 1.812173 2.133791
448 1.812163 2.099688
449 1.812163 2.108743
450 1.812163 2.081313
451 1.812158 2.129249
452 1.812158 2.053664
453 1.812158 2.112479
454 1.812158 2.129327
455 1.812158 2.082215
456 1.812158 2.120246
457 1.812158 2.141412
458 1.812158 2.085472
459 1.812158 2.114064
460 1.812158 2.084326
461 1.812158 2.135123
462 1.812158 2.088006
463 1.812158 2.115417
464 1.812158 2.133052
465 1.812158 2.109591
466 1.812158 2.127438
467 1.812157 2.108963
468 1.812157 2.128882
469 1.812157 2.124162
470 1.812157 2.053881
471 1.812157 2.113084
472 1.812157 2.08681
473 1.812157 2.053528
474 1.812157 2.093215
475 1.812157 2.114341
476 1.812093 2.14751
477 1.812082 2.109913
478 1.812082 2.085438
479 1.812082 2.138739
480 1.81208 2.11983
481 1.81208 2.155122
482 1.81208 2.186867
483 1.811982 2.097829
484 1.811982 2.098002
485 1.811982 2.086461
486 1.811982 2.084747
487 1.811982 2.099824
488 1.811982 2.162147
489 1.811982 2.121233
490 1.811982 2.131177
491 1.811978 2.089854
492 1.811978 2.122667
493 1.811975 2.145604
494 1.811969 2.100909
495 1.811969 2.102407
496 1.811969 2.107396
497 1.811969 2.135202
498 1.811969 2.05402
499 1.811969 2.155985
500 1.811969 2.12972
501 1.811969 2.068186
502 1.811969 2.114157
503 1.811969 2.109956
504 1.811933 2.083604
505 1.811933 2.08307
506 1.811893 2.124553
507 1.811893 2.091649
508 1.811883 2.15497
509 1.811857 2.07592
510 1.811857 2.113523
511 1.811857 2.114321
512 1.811857 2.06975
513 1.811857 2.081051
514 1.811857 2.051478
515 1.811857 2.024494
516 1.811857 2.142021
517 1.811857 2.079468
518 1.811857 2.07607
519 1.811857 2.087078
520 1.811857 2.143018
521 1.811857 2.166779
522 1.811857 2.089936
523 1.811857 2.093958
524 1.811816 2.125532
525 1.811816 2.112558
526 1.811799 2.117213
527 1.811799 2.096506
528 1.811799 2.165971
529 1.811799 2.088072
530 1.811799 2.10114
531 1.811799 2.140382
532 1.811799 2.08704
533 1.811799 2.11853
534 1.811799 2.033
535 1.811799 2.099205
536 1.811799 2.141434
537 1.811799 2.067516
538 1.811799 2.092608
539 1.811799 2.151825
540 1.811799 2.128363
541 1.811799 2.13899
542 1.811799 2.087612
543 1.811799 2.106765
544 1.811799 2.144491
545 1.811799 2.091305
546 1.811799 2.113741
547 1.811795 2.099407
548 1.811795 2.128124
549 1.811795 2.089571
550 1.811795 2.131353
551 1.811791 2.071332
552 1.811791 2.054853
553 1.811791 2.130181
554 1.811791 2.173613
555 1.811783 2.105356
556 1.811783 2.10983
557 1.811783 2.081405
558 1.811783 2.124576
559 1.811783 2.133842
560 1.811783 2.103452
561 1.811783 2.034259
562 1.811783 2.122966
563 1.811783 2.135556
564 1.811783 2.083314
565 1.811783 2.100734
566 1.811783 2.109544
567 1.811778 2.074141
568 1.811778 2.096509
569 1.811778 2.129132
570 1.811767 2.097239
571 1.811767 2.04999
572 1.811767 2.091839
573 1.811767 2.07261
574 1.811767 2.127936
575 1.811767 2.114167
576 1.811767 2.138103
577 1.811767 2.089688
578 1.811767 2.093953
579 1.811767 2.075478
580 1.811767 2.132084
581 1.811767 2.035441
582 1.811767 2.113788
583 1.811758 2.119897
584 1.811758 2.144471
585 1.811758 2.156796
586 1.811739 2.079112
587 1.811739 2.126624
588 1.811739 2.073392
589 1.811739 2.146176
590 1.811739 2.072391
591 1.811739 2.07391
592 1.811739 2.05117
593 1.811739 2.071476
594 1.811737 2.120776
595 1.811732 2.095691
596 1.811732 2.136354
597 1.811732 2.070437
598 1.81173 2.082377
599 1.81173 2.145648
600 1.81173 2.077271
601 1.81173 2.091122
602 1.81173 2.144357
603 1.81173 2.169508
604 1.81173 2.126891
605 1.81173 2.100226
606 1.81173 2.092136
607 1.81173 2.087511
608 1.81173 2.101111
609 1.81173 2.075723
610 1.811727 2.140379
611 1.811727 2.119747
612 1.811715 2.123603
613 1.811713 2.103851
614 1.811682 2.118099
615 1.811682 2.14255
616 1.81168 2.074145
617 1.811654 2.092338
618 1.811654 2.090235
619 1.811654 2.13396
620 1.811654 2.132053
621 1.811635 2.107459
622 1.811635 2.148459
623 1.811635 2.078422
624 1.811635 2.053809
625 1.811635 2.091971
626 1.811635 2.153477
627 1.811635 2.068748
628 1.811635 2.069378
629 1.811614 2.09473
630 1.811612 2.076077
631 1.811612 2.089339
632 1.811612 2.08386
633 1.811612 2.122698
634 1.811612 2.140155
635 1.811612 2.145721
636 1.811611 2.095241
637 1.811611 2.123333
638 1.811611 2.159527
639 1.811611 2.27041
640 1.811611 2.163706
641 1.811611 2.11696
642 1.811611 2.056258
643 1.811611 2.104806
644 1.811611 2.085467
645 1.811611 2.136669
646 1.811611 2.103034
647 1.811611 2.091891
648 1.811606 2.09256
649 1.811606 2.078809
650 1.811606 2.102772
651 1.811606 2.050147
652 1.811606 2.058409
653 1.811606 2.100693
654 1.811606 2.084397
655 1.811606 2.109982
656 1.811606 2.098827
657 1.811606 2.157568
658 1.811606 2.140141
659 1.811606 2.109559
660 1.811606 2.08959
661 1.811606 2.116537
662 1.811606 2.124738
663 1.811606 2.126544
664 1.811606 2.08966
665 1.811606 2.091427
666 1.811606 2.067271
667 1.811606 2.102045
668 1.811606 2.109019
669 1.811606 2.158634
670 1.811606 2.0829
671 1.811606 2.118034
672 1.811606 2.077421
673 1.811606 2.121551
674 1.811606 2.137109
675 1.811606 2.112086
676 1.811606 2.132292
677 1.811606 2.088905
678 1.811606 2.076078
679 1.811606 2.133391
680 1.811606 2.07941
681 1.811606 2.129773
682 1.811606 2.127161
683 1.811606 2.129457
684 1.811606 2.089256
685 1.811606 2.068234
686 1.811606 2.137554
687 1.811606 2.101173
688 1.811606 2.152579
689 1.811606 2.075729
690 1.811606 2.129578
691 1.811605 2.129289
692 1.811605 2.103437
693 1.811605 2.115441
694 1.811605 2.126722
695 1.811605 2.105128
696 1.811605 2.19812
697 1.811605 2.081563
698 1.811605 2.075368
699 1.811598 2.116666
700 1.811598 2.117772
701 1.811598 2.139948
702 1.811598 2.141204
703 1.811598 2.094502
704 1.811598 2.111686
705 1.811598 2.015102
706 1.811598 2.061402
707 1.811598 2.112857
708 1.81159 2.165995
709 1.81159 2.109714
710 1.81159 2.068878
711 1.81159 2.08957
712 1.811579 2.128979
713 1.811579 2.136925
714 1.811572 2.15004
715 1.811572 2.044878
716 1.811572 2.081737
717 1.811572 2.101541
718 1.811572 2.063638
719 1.811572 2.131281
720 1.81157 2.096503
721 1.81157 2.093309
722 1.81157 2.14959
723 1.81157 2.104349
724 1.81157 2.179153
725 1.81157 2.075695
726 1.81157 2.103416
727 1.81157 2.130805
728 1.81157 2.100134
729 1.81157 2.07697
730 1.81157 2.122988
731 1.81157 2.076495
732 1.81157 2.090684
733 1.81157 2.135392
734 1.81157 2.06801
735 1.81157 2.126569
736 1.81157 2.066929
737 1.811567 2.131299
738 1.811567 2.083557
739 1.811567 2.129188
740 1.811567 2.113365
741 1.811567 2.140457
742 1.811567 2.121758
743 1.811567 2.108013
744 1.811567 2.157927
745 1.811567 2.074106
746 1.811567 2.116527
747 1.811567 2.14572
748 1.811567 2.140319
749 1.811567 2.044477
750 1.811567 2.107101
751 1.811567 2.121616
752 1.811567 2.124881
753 1.811567 2.058182
754 1.811567 2.123928
755 1.811567 2.067321
756 1.811567 2.112315
757 1.811567 2.111746
758 1.811567 2.10386
759 1.811559 2.140391
760 1.811559 2.080317
761 1.811559 2.139903
762 1.811559 2.100568
763 1.811559 2.108957
764 1.811559 2.107542
765 1.811559 2.096754
766 1.811559 2.078324
767 1.811547 2.116242
768 1.811547 2.114058
769 1.811547 2.173506
770 1.811547 2.12581
771 1.811547 2.065595
772 1.811547 2.10072
773 1.811538 2.113412
774 1.811538 2.062099
775 1.811538 2.139507
776 1.811538 2.07544
777 1.811538 2.18886
778 1.811538 2.048783
779 1.811538 2.14349
780 1.811538 2.139837
781 1.811538 2.056488
782 1.811521 2.128991
783 1.811521 2.10235
784 1.811521 2.100265
785 1.811521 2.207998
786 1.811521 2.100388
787 1.811521 2.161541
788 1.811521 2.062411
789 1.811521 2.146209
790 1.811521 2.108706
791 1.811521 2.106637
792 1.811521 2.120979
793 1.811521 2.13151
794 1.811521 2.113528
795 1.811521 2.084886
796 1.811521 2.109234
797 1.811521 2.099512
798 1.811521 2.090754
799 1.811521 2.097994
800 1.811521 2.09371
801 1.811521 2.101754
802 1.811521 2.127431
803 1.811521 2.103634
804 1.811521 2.105052
805 1.811521 2.066191
806 1.811517 2.111641
807 1.811517 2.132385
808 1.811517 2.121489
809 1.811517 2.149572
810 1.811517 2.128789
811 1.811517 2.138983
812 1.811517 2.098505
813 1.811517 2.116918
814 1.811511 2.113706
815 1.811511 2.086269
816 1.811511 2.112725
817 1.811511 2.134205
818 1.811511 2.092421
819 1.811511 2.14905
820 1.811509 2.150702
821 1.811509 2.114887
822 1.811509 2.084034
823 1.811509 2.075145
824 1.811509 2.124454
825 1.811509 2.146511
826 1.811509 2.048581
827 1.811509 2.17182
828 1.811509 2.093935
829 1.811505 2.128794
830 1.811505 2.162028
831 1.811505 2.157604
832 1.811503 2.093329
833 1.811503 2.082412
834 1.811503 2.142896
835 1.811503 2.058286
836 1.811503 2.204773
837 1.811503 2.118694
838 1.811503 2.056334
839 1.811502 2.110879
840 1.811502 2.135731
841 1.811502 2.060708
842 1.811502 2.124838
843 1.811502 2.107249
844 1.811502 2.164698
845 1.811502 2.047736
846 1.811502 2.096888
847 1.811502 2.076658
848 1.811502 2.092039
849 1.811502 2.123536
850 1.811501 2.134068
851 1.811501 2.15568
852 1.811491 2.048175
853 1.811491 2.099088
854 1.811491 2.108921
855 1.811491 2.148093
856 1.81149 2.105873
857 1.81149 2.153727
858 1.81149 2.085918
859 1.81149 2.138756
860 1.81149 2.084414
861 1.81149 2.048192
862 1.81149 2.040165
863 1.81149 2.092054
864 1.81149 2.113514
865 1.81149 2.098567
866 1.81149 2.077504
867 1.81149 2.005825
868 1.81149 2.10586
869 1.81149 2.065744
870 1.81149 2.067967
871 1.81149 2.096575
872 1.81149 2.082477
873 1.81149 2.101138
874 1.81149 2.058968
875 1.81149 2.079929
876 1.81149 2.116814
877 1.81149 2.101351
878 1.81149 2.199279
879 1.81149 2.060828
880 1.811488 2.189879
881 1.811488 2.112107
882 1.811488 2.064864
883 1.811488 2.096075
884 1.811488 2.076793
885 1.811488 2.094804
886 1.811488 2.131474
887 1.811488 2.099797
888 1.811488 2.114949
889 1.811472 2.068021
890 1.811472 2.124195
891 1.811472 2.135341
892 1.811472 2.135325
893 1.811472 2.126778
894 1.811472 2.153125
895 1.811472 2.127614
896 1.811472 2.138489
897 1.811472 2.101986
898 1.811472 2.145843
899 1.811472 2.071409
900 1.811472 2.075001
901 1.811472 2.099682
902 1.811472 2.132374
903 1.811472 2.148167
904 1.811472 2.096338
905 1.811472 2.111128
906 1.811472 2.066024
907 1.811472 2.157681
908 1.811472 2.119055
909 1.811472 2.044934
910 1.811472 2.071808
911 1.811472 2.09879
912 1.811472 2.085471
913 1.811472 2.102125
914 1.811472 2.100232
915 1.811472 2.14844
916 1.811472 2.082026
917 1.811472 2.089216
918 1.811472 2.109736
919 1.811472 2.115749
920 1.811472 2.052066
921 1.811472 2.134255
922 1.811469 2.106611
923 1.811469 2.124806
924 1.811469 2.051249
925 1.811469 2.111118
926 1.811469 2.128553
927 1.811469 2.08521
928 1.811469 2.092181
929 1.811469 2.150463
930 1.811469 2.084094
931 1.811469 2.074332
932 1.811469 2.160176
933 1.811469 2.033066
934 1.811469 2.117954
935 1.811469 2.085956
936 1.811469 2.104254
937 1.811469 2.142603
938 1.811464 2.066671
939 1.811464 2.112058
940 1.811464 2.088833
941 1.808754 2.108201
942 1.808754 2.09502
943 1.808751 2.095909
944 1.808751 2.049925
945 1.80875 2.062321
946 1.80875 2.051874
947 1.80875 2.068327
948 1.80875 2.155713
949 1.80875 2.113562
950 1.80875 2.148142
951 1.80875 2.166515
952 1.80875 2.124155
953 1.80875 2.080324
954 1.80875 2.09231
955 1.80875 2.099861
956 1.80875 2.138973
957 1.80875 2.127277
958 1.808748 2.099802
959 1.808748 2.116734
960 1.808748 2.077732
961 1.808748 2.173896
962 1.808748 2.08118
963 1.808748 2.058805
964 1.808748 2.110444
965 1.808748 2.097275
966 1.808748 2.115599
967 1.808748 2.122147
968 1.808748 2.11313
969 1.808748 2.119898
970 1.808748 2.085939
971 1.808748 2.111012
972 1.808748 2.108089
973 1.808748 2.073157
974 1.808748 2.123089
975 1.808748 2.142584
976 1.808748 2.085513
977 1.808748 2.098647
978 1.808748 2.125229
979 1.808748 2.121799
980 1.808748 2.139561
981 1.808748 2.13297
982 1.808748 2.129558
983 1.808748 2.126441
984 1.808748 2.078704
985 1.808748 2.20134
986 1.808748 2.119754
987 1.808748 2.063131
988 1.808748 2.111347
989 1.808748 2.120097
990 1.808748 2.11401
991 1.808748 2.151638
992 1.808748 2.109789
993 1.808748 2.173875
994 1.808748 2.146144
995 1.808748 2.134597
996 1.808748 2.074678
997 1.808748 2.08292
998 1.808748 2.101666
999 1.808748 2.159775

