StartPoint = (0, 5)
EndPoint = (10, 0)
N Points = 20
Selection = Tournament
Tournament Size = 100
NCrossings = 4
NGenerations = 1000
PopulationSize = 120
MutationProb = 0.1
CrossoverProb = 0.9
MutationType = Gaussian
Elistic = 40


Best Result(mean): 1.811427

0 4.371199 7.945938
1 3.592613 5.639769
2 3.048629 4.469921
3 2.708695 4.589537
4 2.588194 4.070931
5 2.420515 4.327161
6 2.347183 4.056501
7 2.304354 3.776805
8 2.295573 3.907659
9 2.277193 3.866339
10 2.249916 3.782387
11 2.246009 3.878781
12 2.244962 4.079168
13 2.229283 4.067047
14 2.220332 3.899579
15 2.21519 3.856042
16 2.210007 3.679756
17 2.205796 3.696743
18 2.196302 3.904375
19 2.191479 3.590072
20 2.188348 3.840372
21 2.187488 3.593737
22 2.187488 3.592069
23 2.18748 3.731089
24 2.184226 3.823332
25 2.182822 3.585108
26 2.182703 3.529057
27 2.180903 3.563245
28 2.180619 3.814427
29 2.177917 3.505155
30 2.175481 3.519675
31 2.173057 3.673451
32 2.172947 3.783601
33 2.172351 3.745751
34 2.172298 3.501302
35 2.169268 3.538451
36 2.167539 3.533534
37 2.167539 3.617099
38 2.16551 3.395427
39 2.158796 3.097222
40 2.140596 3.1368
41 2.137106 3.225928
42 2.12728 3.157094
43 2.111044 3.109409
44 2.104079 3.018807
45 2.102828 3.136876
46 2.099471 2.985098
47 2.094048 3.115985
48 2.091472 3.049506
49 2.088356 3.040852
50 2.083706 2.988004
51 2.083065 2.90307
52 2.076305 2.819319
53 2.076259 2.88869
54 2.074092 2.927961
55 2.073 2.876419
56 2.073 2.754417
57 2.073 2.869151
58 2.072433 2.957775
59 2.06915 2.835377
60 2.069104 2.946989
61 2.069104 2.867429
62 2.067139 2.859575
63 2.067129 2.802748
64 2.06562 2.674905
65 2.053896 2.54959
66 2.044857 2.630291
67 2.035312 2.553911
68 2.034998 2.522712
69 2.024736 2.512865
70 2.020247 2.628418
71 2.018238 2.512327
72 2.012391 2.538826
73 2.007366 2.431888
74 1.999579 2.485276
75 1.998354 2.523657
76 1.992338 2.418162
77 1.990407 2.307676
78 1.988117 2.331562
79 1.987382 2.453591
80 1.985222 2.485504
81 1.975142 2.34228
82 1.97324 2.429686
83 1.970643 2.542151
84 1.96522 2.418561
85 1.963828 2.455086
86 1.960155 2.660583
87 1.959475 2.525002
88 1.958381 2.374931
89 1.957142 2.37361
90 1.952176 2.178809
91 1.950613 2.261056
92 1.920493 2.244776
93 1.913264 2.171654
94 1.912381 2.206154
95 1.912011 2.216634
96 1.907806 2.196878
97 1.899756 2.154371
98 1.895684 2.15466
99 1.894033 2.268011
100 1.893425 2.225592
101 1.892508 2.212507
102 1.885879 2.166542
103 1.885879 2.170689
104 1.882403 2.265886
105 1.879276 2.167322
106 1.878091 2.126358
107 1.87664 2.214633
108 1.871822 2.141067
109 1.865089 2.117364
110 1.863299 2.184919
111 1.862773 2.131013
112 1.851601 2.189205
113 1.845844 2.126172
114 1.845298 2.128822
115 1.839766 2.233418
116 1.83855 2.082645
117 1.837686 2.110409
118 1.837686 2.104407
119 1.837615 2.143917
120 1.835239 2.122243
121 1.83503 2.122685
122 1.832376 2.14705
123 1.831888 2.153311
124 1.830685 2.094008
125 1.829994 2.096124
126 1.829593 2.096009
127 1.827058 2.135642
128 1.826517 2.144005
129 1.826517 2.102365
130 1.826276 2.09281
131 1.825768 2.112187
132 1.825312 2.135249
133 1.8245 2.124849
134 1.8239 2.066419
135 1.823869 2.136566
136 1.823869 2.126805
137 1.823852 2.100841
138 1.8238 2.091879
139 1.823512 2.173553
140 1.823512 2.108605
141 1.823512 2.125568
142 1.823512 2.136984
143 1.82309 2.082586
144 1.822564 2.132348
145 1.821996 2.145222
146 1.821952 2.080941
147 1.821871 2.147305
148 1.821456 2.077495
149 1.821389 2.14252
150 1.821076 2.106292
151 1.821011 2.109612
152 1.820917 2.108801
153 1.820346 2.073401
154 1.820346 2.065372
155 1.820346 2.075323
156 1.819983 2.101719
157 1.819983 2.086025
158 1.819821 2.117094
159 1.819813 2.130749
160 1.819813 2.131135
161 1.819577 2.118945
162 1.819212 2.106193
163 1.819212 2.12013
164 1.819099 2.121035
165 1.81886 2.106041
166 1.81886 2.09053
167 1.818287 2.175857
168 1.818287 2.133782
169 1.818287 2.065433
170 1.818138 2.081075
171 1.818053 2.054689
172 1.818053 2.09686
173 1.818037 2.110478
174 1.817168 2.131283
175 1.815781 2.095627
176 1.815315 2.106711
177 1.815315 2.13812
178 1.814939 2.151258
179 1.814773 2.09116
180 1.814773 2.110457
181 1.814764 2.134945
182 1.81474 2.117527
183 1.814739 2.106895
184 1.814739 2.113395
185 1.814739 2.120991
186 1.814739 2.096972
187 1.814739 2.111662
188 1.814739 2.112459
189 1.814739 2.100462
190 1.814739 2.087258
191 1.814691 2.145229
192 1.814691 2.092043
193 1.814683 2.177205
194 1.814594 2.112529
195 1.814402 2.140943
196 1.814372 2.086513
197 1.814372 2.116659
198 1.814372 2.122042
199 1.814372 2.075717
200 1.81437 2.10821
201 1.814273 2.161897
202 1.814182 2.090192
203 1.81409 2.08924
204 1.81409 2.110127
205 1.81409 2.112279
206 1.81409 2.062811
207 1.814084 2.137452
208 1.814048 2.110762
209 1.814048 2.115442
210 1.814048 2.100081
211 1.814001 2.172369
212 1.813995 2.112842
213 1.813922 2.068314
214 1.813922 2.148517
215 1.813922 2.129263
216 1.813922 2.094539
217 1.813922 2.11938
218 1.813922 2.143157
219 1.813922 2.116104
220 1.813904 2.082137
221 1.813904 2.0656
222 1.813904 2.125787
223 1.813904 2.118095
224 1.813904 2.115711
225 1.813867 2.079563
226 1.813867 2.108009
227 1.813848 2.106453
228 1.813848 2.129016
229 1.813848 2.10391
230 1.813848 2.179245
231 1.813848 2.097837
232 1.813848 2.116354
233 1.813848 2.134391
234 1.813848 2.104513
235 1.813847 2.123365
236 1.813657 2.088956
237 1.813657 2.119027
238 1.813657 2.109395
239 1.813657 2.134046
240 1.813657 2.047396
241 1.813657 2.144763
242 1.813657 2.063798
243 1.813657 2.085827
244 1.813543 2.062968
245 1.813543 2.075575
246 1.813446 2.079849
247 1.813446 2.104398
248 1.813441 2.097702
249 1.813436 2.067791
250 1.813422 2.084782
251 1.813422 2.084924
252 1.813422 2.088925
253 1.813422 2.168039
254 1.813259 2.080894
255 1.813191 2.112574
256 1.813191 2.122072
257 1.813191 2.070443
258 1.813183 2.082219
259 1.813183 2.064136
260 1.813183 2.11792
261 1.813175 2.139674
262 1.813175 2.058103
263 1.813175 2.086519
264 1.813175 2.116534
265 1.813166 2.091383
266 1.813166 2.106681
267 1.813162 2.143454
268 1.81306 2.138384
269 1.813049 2.087503
270 1.813049 2.097452
271 1.813049 2.124751
272 1.813048 2.17062
273 1.813048 2.100258
274 1.813048 2.062359
275 1.813042 2.086578
276 1.813042 2.064052
277 1.813042 2.097906
278 1.813039 2.069877
279 1.81299 2.094131
280 1.81299 2.132513
281 1.81299 2.101318
282 1.81299 2.118693
283 1.81299 2.152118
284 1.812972 2.062307
285 1.812972 2.042849
286 1.812972 2.126515
287 1.812972 2.140605
288 1.812972 2.059723
289 1.812972 2.079904
290 1.812967 2.074113
291 1.812967 2.117143
292 1.812967 2.084549
293 1.812954 2.203534
294 1.812954 2.109405
295 1.81294 2.097254
296 1.81294 2.143311
297 1.812921 2.147166
298 1.812919 2.086586
299 1.812919 2.047001
300 1.812919 2.084967
301 1.812919 2.142655
302 1.812919 2.101006
303 1.812919 2.106839
304 1.812919 2.127523
305 1.812919 2.128475
306 1.812834 2.141568
307 1.812834 2.074202
308 1.812834 2.130952
309 1.812818 2.088942
310 1.81276 2.120806
311 1.81276 2.09338
312 1.81276 2.064496
313 1.812712 2.068632
314 1.812705 2.138861
315 1.812705 2.153953
316 1.812705 2.11054
317 1.812696 2.089267
318 1.812696 2.111573
319 1.812696 2.121415
320 1.812696 2.076429
321 1.812445 2.13271
322 1.8124 2.089212
323 1.8124 2.065999
324 1.812369 2.10232
325 1.812369 2.096804
326 1.812368 2.129975
327 1.812368 2.164686
328 1.812368 2.093229
329 1.812325 2.085519
330 1.812325 2.103347
331 1.812324 2.068257
332 1.812324 2.100434
333 1.812324 2.092673
334 1.812324 2.155957
335 1.812324 2.117589
336 1.812315 2.164809
337 1.812306 2.107078
338 1.812306 2.122316
339 1.812306 2.125962
340 1.812306 2.177204
341 1.812306 2.134803
342 1.812306 2.092262
343 1.812306 2.06699
344 1.812306 2.09753
345 1.812306 2.127522
346 1.812251 2.148658
347 1.812251 2.124867
348 1.812251 2.118058
349 1.812251 2.116705
350 1.812251 2.127944
351 1.812251 2.159388
352 1.812251 2.168332
353 1.812251 2.092445
354 1.812243 2.151696
355 1.812243 2.076303
356 1.812243 2.126781
357 1.812241 2.207088
358 1.812241 2.085727
359 1.812241 2.098242
360 1.812241 2.066625
361 1.812241 2.032925
362 1.812237 2.112576
363 1.812237 2.097058
364 1.812237 2.077439
365 1.812193 2.072821
366 1.812193 2.165277
367 1.812184 2.13156
368 1.812184 2.153112
369 1.812184 2.070965
370 1.812178 2.070791
371 1.812178 2.046357
372 1.812178 2.103093
373 1.812178 2.110386
374 1.812178 2.151397
375 1.812178 2.126373
376 1.812178 2.156893
377 1.812178 2.155138
378 1.812178 2.103758
379 1.812178 2.137317
380 1.812178 2.064436
381 1.812178 2.077144
382 1.812178 2.111543
383 1.812178 2.126557
384 1.812178 2.078906
385 1.812172 2.105245
386 1.812172 2.056211
387 1.812129 2.062213
388 1.812129 2.122949
389 1.812065 2.099663
390 1.812065 2.058168
391 1.812065 2.178544
392 1.812053 2.115135
393 1.812053 2.101681
394 1.812053 2.141189
395 1.812053 2.0907
396 1.812053 2.107327
397 1.812052 2.096022
398 1.812052 2.087248
399 1.812022 2.083136
400 1.812022 2.099343
401 1.812022 2.136045
402 1.812022 2.065317
403 1.812022 2.142528
404 1.812022 2.101119
405 1.812022 2.053127
406 1.81202 2.115794
407 1.81202 2.085741
408 1.81202 2.066661
409 1.81202 2.165785
410 1.81202 2.091931
411 1.81202 2.106424
412 1.81202 2.122286
413 1.81202 2.045736
414 1.81202 2.080798
415 1.81202 2.111224
416 1.81202 2.076614
417 1.81202 2.115513
418 1.811966 2.079361
419 1.811966 2.101068
420 1.811966 2.121981
421 1.811966 2.116102
422 1.811966 2.09725
423 1.811966 2.20073
424 1.811965 2.095333
425 1.811965 2.164739
426 1.811965 2.096173
427 1.811965 2.117703
428 1.811965 2.176157
429 1.811958 2.10917
430 1.811958 2.127034
431 1.811958 2.075264
432 1.811958 2.051735
433 1.811958 2.125054
434 1.811958 2.085762
435 1.811898 2.082764
436 1.811898 2.133427
437 1.811898 2.0401
438 1.811898 2.152223
439 1.811887 2.103758
440 1.811887 2.155145
441 1.811881 2.061182
442 1.811881 2.134495
443 1.811881 2.132081
444 1.811881 2.134086
445 1.811881 2.094254
446 1.811881 2.051964
447 1.811881 2.177411
448 1.811881 2.115561
449 1.811881 2.115526
450 1.811878 2.166795
451 1.811878 2.054903
452 1.811878 2.118967
453 1.811878 2.109577
454 1.811878 2.098042
455 1.811878 2.130543
456 1.811878 2.092259
457 1.811865 2.132538
458 1.811865 2.110694
459 1.811864 2.072347
460 1.811864 2.116526
461 1.811863 2.13394
462 1.811863 2.119486
463 1.811863 2.097564
464 1.811863 2.082722
465 1.811863 2.115689
466 1.811863 2.063704
467 1.811863 2.152751
468 1.811863 2.144844
469 1.811863 2.147381
470 1.811863 2.018225
471 1.811863 2.154797
472 1.811863 2.10051
473 1.811858 2.127041
474 1.811858 2.113305
475 1.811858 2.114889
476 1.811858 2.121877
477 1.811858 2.083185
478 1.811837 2.153012
479 1.811833 2.081619
480 1.811833 2.085643
481 1.811833 2.127723
482 1.811833 2.131601
483 1.811833 2.073728
484 1.811833 2.12882
485 1.811833 2.071594
486 1.811833 2.148084
487 1.81183 2.094937
488 1.811829 2.145103
489 1.811829 2.061199
490 1.811829 2.142717
491 1.811829 2.086741
492 1.811829 2.167483
493 1.811829 2.107359
494 1.811829 2.144111
495 1.811829 2.14332
496 1.811829 2.10517
497 1.811829 2.084969
498 1.811829 2.097398
499 1.811827 2.075061
500 1.811827 2.143926
501 1.811827 2.169828
502 1.811827 2.067513
503 1.811827 2.113545
504 1.811827 2.075875
505 1.811827 2.204036
506 1.811827 2.15812
507 1.811827 2.037791
508 1.811827 2.15522
509 1.811827 2.138086
510 1.811798 2.069533
511 1.811798 2.113016
512 1.811798 2.111574
513 1.811798 2.107894
514 1.811798 2.123033
515 1.811798 2.082741
516 1.811798 2.094064
517 1.811798 2.067158
518 1.811798 2.104584
519 1.811798 2.144776
520 1.811798 2.127603
521 1.811798 2.127798
522 1.811798 2.090654
523 1.811798 2.1082
524 1.811798 2.091884
525 1.811798 2.098268
526 1.811798 2.085483
527 1.811798 2.075354
528 1.811798 2.12189
529 1.811798 2.081567
530 1.811798 2.171703
531 1.811797 2.074435
532 1.81179 2.149876
533 1.81179 2.117418
534 1.81179 2.109797
535 1.81179 2.132947
536 1.81179 2.087291
537 1.811761 2.172912
538 1.811761 2.134421
539 1.811761 2.179193
540 1.811761 2.059568
541 1.811761 2.092526
542 1.811761 2.175385
543 1.811761 2.074589
544 1.811753 2.07576
545 1.811753 2.088591
546 1.811749 2.205456
547 1.811741 2.08485
548 1.811739 2.065991
549 1.811739 2.110574
550 1.811739 2.105782
551 1.811738 2.096172
552 1.811738 2.133116
553 1.811728 2.165609
554 1.811728 2.097205
555 1.811728 2.072709
556 1.811728 2.098379
557 1.811728 2.129701
558 1.811728 2.09604
559 1.811728 2.016431
560 1.811728 2.088305
561 1.811728 2.140258
562 1.811728 2.145337
563 1.811728 2.109359
564 1.811728 2.145169
565 1.811728 2.088071
566 1.811728 2.096932
567 1.811728 2.109412
568 1.811728 2.097989
569 1.811728 2.141198
570 1.811728 2.1493
571 1.811728 2.099682
572 1.811728 2.097228
573 1.811728 2.137459
574 1.811722 2.086681
575 1.811722 2.107264
576 1.811722 2.113697
577 1.811722 2.078132
578 1.81172 2.021726
579 1.811718 2.153436
580 1.811718 2.144763
581 1.811718 2.122845
582 1.811718 2.165359
583 1.811718 2.071453
584 1.811718 2.135274
585 1.811699 2.075916
586 1.811699 2.094292
587 1.811699 2.089299
588 1.811699 2.068054
589 1.811697 2.111702
590 1.811697 2.069114
591 1.811697 2.15011
592 1.811697 2.168853
593 1.811697 2.081261
594 1.811697 2.104038
595 1.811697 2.080997
596 1.811691 2.13119
597 1.811691 2.090397
598 1.811691 2.128155
599 1.811691 2.087273
600 1.811691 2.091668
601 1.811689 2.071139
602 1.811689 2.079577
603 1.811689 2.138233
604 1.811683 2.140372
605 1.811683 2.103451
606 1.81167 2.05369
607 1.81167 2.134925
608 1.811664 2.133971
609 1.811633 2.087758
610 1.811633 2.076791
611 1.811633 2.1295
612 1.811631 2.129761
613 1.811631 2.172349
614 1.811622 2.10138
615 1.811622 2.096005
616 1.811614 2.101265
617 1.811614 2.13631
618 1.811605 2.093272
619 1.811605 2.090759
620 1.811598 2.048594
621 1.811588 2.044982
622 1.811588 2.102192
623 1.811588 2.162415
624 1.811588 2.192795
625 1.811588 2.109648
626 1.811588 2.09297
627 1.811588 2.130186
628 1.811588 2.18085
629 1.811588 2.081125
630 1.811588 2.073467
631 1.811588 2.118828
632 1.811576 2.147534
633 1.811576 2.105677
634 1.811576 2.164234
635 1.811576 2.096859
636 1.811576 2.149155
637 1.811576 2.076719
638 1.811576 2.137604
639 1.811576 2.124795
640 1.811576 2.053803
641 1.811576 2.108479
642 1.811576 2.074386
643 1.811576 2.113637
644 1.811576 2.131557
645 1.811576 2.121045
646 1.811565 2.102112
647 1.811564 2.118469
648 1.811564 2.112443
649 1.811564 2.082916
650 1.811564 2.082925
651 1.811552 2.076658
652 1.811547 2.090653
653 1.811547 2.124901
654 1.811547 2.106467
655 1.811547 2.093604
656 1.811532 2.105733
657 1.811532 2.144216
658 1.811532 2.085264
659 1.811529 2.107742
660 1.811529 2.137399
661 1.811529 2.125205
662 1.811529 2.09357
663 1.811529 2.114243
664 1.811529 2.168314
665 1.811529 2.082106
666 1.811526 2.054868
667 1.811526 2.081502
668 1.811524 2.117914
669 1.811523 2.142354
670 1.811523 2.151497
671 1.811523 2.10469
672 1.811523 2.127954
673 1.811523 2.102022
674 1.811523 2.156762
675 1.811523 2.129477
676 1.811523 2.101792
677 1.811523 2.120996
678 1.811523 2.115923
679 1.811523 2.149797
680 1.811523 2.216142
681 1.811523 2.094074
682 1.811523 2.109637
683 1.811523 2.078483
684 1.811523 2.128169
685 1.811523 2.097609
686 1.811523 2.102802
687 1.811523 2.091889
688 1.811523 2.103467
689 1.811523 2.054082
690 1.811523 2.10692
691 1.811523 2.101561
692 1.811523 2.110446
693 1.811523 2.098882
694 1.811523 2.033983
695 1.811523 2.096144
696 1.811523 2.153903
697 1.811523 2.123733
698 1.811523 2.10694
699 1.811523 2.0769
700 1.811523 2.045828
701 1.811522 2.095025
702 1.811522 2.11054
703 1.811522 2.068469
704 1.81152 2.064471
705 1.81152 2.143703
706 1.81152 2.102685
707 1.81152 2.0766
708 1.81152 2.125976
709 1.81152 2.072481
710 1.81152 2.12077
711 1.811512 2.058354
712 1.811512 2.068621
713 1.811512 2.057924
714 1.811512 2.066579
715 1.811512 2.114941
716 1.811512 2.121428
717 1.811512 2.085366
718 1.811512 2.109956
719 1.811512 2.106919
720 1.811512 2.078549
721 1.811512 2.065311
722 1.811512 2.098895
723 1.811512 2.143025
724 1.811504 2.121435
725 1.811504 2.10589
726 1.811504 2.12836
727 1.811504 2.131771
728 1.811504 2.128715
729 1.811504 2.069086
730 1.811504 2.112651
731 1.811499 2.073036
732 1.811499 2.127723
733 1.811499 2.112077
734 1.811499 2.078019
735 1.811499 2.093495
736 1.811499 2.118176
737 1.811499 2.105991
738 1.811499 2.16483
739 1.811499 2.085018
740 1.811499 2.138231
741 1.811499 2.122853
742 1.811499 2.071416
743 1.811499 2.141196
744 1.811499 2.108214
745 1.811499 2.072097
746 1.811499 2.08945
747 1.811499 2.122319
748 1.811499 2.095304
749 1.811499 2.158232
750 1.811499 2.092134
751 1.811499 2.042089
752 1.811499 2.106189
753 1.811499 2.153112
754 1.811499 2.146144
755 1.811499 2.14812
756 1.811499 2.082641
757 1.811499 2.046382
758 1.811499 2.090428
759 1.811499 2.110101
760 1.811499 2.112976
761 1.811499 2.159541
762 1.811499 2.102931
763 1.811495 2.1389
764 1.811495 2.11303
765 1.811495 2.11658
766 1.811495 2.119233
767 1.811495 2.130362
768 1.811495 2.122982
769 1.811492 2.080183
770 1.811491 2.146032
771 1.811491 2.10709
772 1.811491 2.12832
773 1.811491 2.111527
774 1.811491 2.159337
775 1.811491 2.163327
776 1.811491 2.090217
777 1.811491 2.103524
778 1.811491 2.119707
779 1.811491 2.074254
780 1.811491 2.17821
781 1.811491 2.11888
782 1.811491 2.111946
783 1.811491 2.11674
784 1.811491 2.117284
785 1.811491 2.151106
786 1.811491 2.123969
787 1.811491 2.100136
788 1.811491 2.117511
789 1.811491 2.045995
790 1.811491 2.116665
791 1.811491 2.091704
792 1.811491 2.127817
793 1.811491 2.158203
794 1.811491 2.069641
795 1.811491 2.111416
796 1.811489 2.103078
797 1.811489 2.141744
798 1.811489 2.114203
799 1.811489 2.164724
800 1.811489 2.163729
801 1.811489 2.11432
802 1.811489 2.101221
803 1.811489 2.132603
804 1.811489 2.113902
805 1.811489 2.121329
806 1.811489 2.082214
807 1.811489 2.143833
808 1.811483 2.082646
809 1.811482 2.118891
810 1.811482 2.127379
811 1.811482 2.095141
812 1.811482 2.10384
813 1.811482 2.156155
814 1.811482 2.123836
815 1.811482 2.155445
816 1.811478 2.105896
817 1.811478 2.057908
818 1.811478 2.110923
819 1.811478 2.063107
820 1.811478 2.09666
821 1.811475 2.089171
822 1.811475 2.10678
823 1.811475 2.090632
824 1.811475 2.08567
825 1.811475 2.134926
826 1.811475 2.077184
827 1.811475 2.183399
828 1.811475 2.165242
829 1.811475 2.126523
830 1.811475 2.117199
831 1.811475 2.113401
832 1.811475 2.107663
833 1.811473 2.154821
834 1.811473 2.109027
835 1.811473 2.062454
836 1.811471 2.119194
837 1.811471 2.150339
838 1.811471 2.114646
839 1.811471 2.071619
840 1.811471 2.100816
841 1.811471 2.08231
842 1.811471 2.102142
843 1.811471 2.08281
844 1.811471 2.095961
845 1.811466 2.105986
846 1.811466 2.077395
847 1.811466 2.083849
848 1.811466 2.122342
849 1.811466 2.079167
850 1.811466 2.156793
851 1.811466 2.052867
852 1.811466 2.09951
853 1.811466 2.108999
854 1.811466 2.049012
855 1.811465 2.148156
856 1.811465 2.113103
857 1.811465 2.141186
858 1.811465 2.082258
859 1.811465 2.12371
860 1.811465 2.109667
861 1.811465 2.067676
862 1.811465 2.019242
863 1.811465 2.113778
864 1.811465 2.131357
865 1.811465 2.100102
866 1.811465 2.10008
867 1.811465 2.089098
868 1.811465 2.133379
869 1.811465 2.087291
870 1.811465 2.083806
871 1.811465 2.177292
872 1.811465 2.086308
873 1.811465 2.103127
874 1.811465 2.10177
875 1.811461 2.082291
876 1.811461 2.106756
877 1.811461 2.144881
878 1.811461 2.117709
879 1.811461 2.094595
880 1.811461 2.082033
881 1.811459 2.077411
882 1.811459 2.148706
883 1.811442 2.134147
884 1.811442 2.101267
885 1.811442 2.065794
886 1.811442 2.114679
887 1.811442 2.103515
888 1.811442 2.10154
889 1.811442 2.092974
890 1.811442 2.065875
891 1.811436 2.164249
892 1.811436 2.126755
893 1.811436 2.10551
894 1.811436 2.124599
895 1.811436 2.11662
896 1.811436 2.125859
897 1.811436 2.068421
898 1.811436 2.094097
899 1.811436 2.156568
900 1.811432 2.10799
901 1.811432 2.162508
902 1.811432 2.083848
903 1.811432 2.130696
904 1.811432 2.083386
905 1.811432 2.063354
906 1.811432 2.113757
907 1.811432 2.125639
908 1.811432 2.130578
909 1.811432 2.137406
910 1.811432 2.09509
911 1.811432 2.055545
912 1.811432 2.087267
913 1.811432 2.098841
914 1.811432 2.119275
915 1.811432 2.089558
916 1.811432 2.109783
917 1.811432 2.104348
918 1.811432 2.069995
919 1.811432 2.085766
920 1.811432 2.1189
921 1.811432 2.074736
922 1.811432 2.061441
923 1.811432 2.077016
924 1.811432 2.112747
925 1.811432 2.142902
926 1.811432 2.082544
927 1.811432 2.138983
928 1.811432 2.105942
929 1.811432 2.119432
930 1.811432 2.066259
931 1.811432 2.13401
932 1.811432 2.086617
933 1.811432 2.064549
934 1.811432 2.131722
935 1.811432 2.1002
936 1.811432 2.080288
937 1.811432 2.108794
938 1.811432 2.06209
939 1.811432 2.108437
940 1.811432 2.113529
941 1.811432 2.100841
942 1.811432 2.068274
943 1.811432 2.037001
944 1.811432 2.167637
945 1.811432 2.16502
946 1.811431 2.108293
947 1.811431 2.17633
948 1.811431 2.177334
949 1.811431 2.114008
950 1.811431 2.084718
951 1.811431 2.091993
952 1.811431 2.132252
953 1.811431 2.070887
954 1.81143 2.127718
955 1.811427 2.09142
956 1.811427 2.118773
957 1.811427 2.110953
958 1.811427 2.092587
959 1.811427 2.100341
960 1.811427 2.071402
961 1.811427 2.095247
962 1.811427 2.135748
963 1.811427 2.082211
964 1.811427 2.040835
965 1.811427 2.152175
966 1.811427 2.029398
967 1.811427 2.128736
968 1.811427 2.071552
969 1.811427 2.159804
970 1.811427 2.031927
971 1.811427 2.13406
972 1.811427 2.094768
973 1.811427 2.125685
974 1.811427 2.109626
975 1.811427 2.064973
976 1.811427 2.089562
977 1.811427 2.084179
978 1.811427 2.134212
979 1.811427 2.135448
980 1.811427 2.056467
981 1.811427 2.060007
982 1.811427 2.080683
983 1.811427 2.111855
984 1.811427 2.044309
985 1.811427 2.14223
986 1.811427 2.097933
987 1.811427 2.060727
988 1.811427 2.089036
989 1.811427 2.110376
990 1.811427 2.146888
991 1.811427 2.081163
992 1.811427 2.089201
993 1.811427 2.083368
994 1.811427 2.109562
995 1.811427 2.10912
996 1.811427 2.141942
997 1.811427 2.130619
998 1.811427 2.079901
999 1.811427 2.144926

