StartPoint = (0, 5)
EndPoint = (10, 0)
N Points = 20
Selection = Tournament
Tournament Size = 100
NCrossings = 4
NGenerations = 1000
PopulationSize = 120
MutationProb = 0.1
CrossoverProb = 0.9
MutationType = Gaussian
Elistic = 40


Best Result(mean): 1.811499

0 4.707211 7.89786
1 3.687181 5.800493
2 3.110415 4.713624
3 2.845498 4.27487
4 2.61173 4.010249
5 2.467156 3.813823
6 2.384624 3.778067
7 2.336286 3.717645
8 2.308146 3.837943
9 2.285718 3.804421
10 2.27055 3.785133
11 2.257052 3.659823
12 2.245368 3.633335
13 2.236752 3.600459
14 2.231804 3.551689
15 2.224037 3.610456
16 2.217657 3.585451
17 2.209548 3.457318
18 2.202895 3.481425
19 2.197326 3.52636
20 2.192793 3.447715
21 2.186301 3.461001
22 2.182119 3.486697
23 2.178585 3.41954
24 2.173898 3.345983
25 2.170319 3.371831
26 2.166577 3.295105
27 2.164146 3.397744
28 2.160776 3.344255
29 2.159389 3.298621
30 2.156435 3.308115
31 2.154606 3.210447
32 2.153456 3.20617
33 2.150485 3.309338
34 2.146952 3.270949
35 2.143678 3.300224
36 2.140218 3.146086
37 2.135461 3.152029
38 2.131733 3.069729
39 2.127189 3.071836
40 2.122957 3.075069
41 2.118726 3.056191
42 2.112693 3.057435
43 2.108903 3.034868
44 2.10676 3.004564
45 2.103408 2.987258
46 2.101544 2.911769
47 2.097435 2.893312
48 2.088524 2.911252
49 2.083816 2.834782
50 2.08031 2.791318
51 2.074517 2.817039
52 2.068995 2.78999
53 2.064981 2.699094
54 2.058983 2.71012
55 2.055918 2.700546
56 2.047752 2.674708
57 2.044407 2.687
58 2.041484 2.610628
59 2.037995 2.561269
60 2.035014 2.566889
61 2.029762 2.597203
62 2.023868 2.539417
63 2.020521 2.558255
64 2.016121 2.543294
65 2.010388 2.482363
66 2.005756 2.461992
67 1.999855 2.457559
68 1.996853 2.456282
69 1.994043 2.454212
70 1.989685 2.457962
71 1.988079 2.416528
72 1.984119 2.452173
73 1.979346 2.4639
74 1.975445 2.432982
75 1.971393 2.41729
76 1.96823 2.391297
77 1.966229 2.419441
78 1.963386 2.392264
79 1.961782 2.384603
80 1.958628 2.383275
81 1.956663 2.369112
82 1.954587 2.3776
83 1.951351 2.34765
84 1.949445 2.338998
85 1.94553 2.344936
86 1.943086 2.324444
87 1.937993 2.365746
88 1.932878 2.310508
89 1.930622 2.293738
90 1.928534 2.274462
91 1.925092 2.253637
92 1.922085 2.282364
93 1.919437 2.244118
94 1.9181 2.253114
95 1.914734 2.252509
96 1.912422 2.242527
97 1.909469 2.23851
98 1.906703 2.221381
99 1.903656 2.221607
100 1.900542 2.193768
101 1.895087 2.246285
102 1.891023 2.199638
103 1.889343 2.1948
104 1.88747 2.214812
105 1.885166 2.181488
106 1.882583 2.190336
107 1.880373 2.198908
108 1.877831 2.17926
109 1.875325 2.159302
110 1.873034 2.191337
111 1.869282 2.168763
112 1.867539 2.168168
113 1.866497 2.159576
114 1.864142 2.192425
115 1.862991 2.165531
116 1.86166 2.154341
117 1.860859 2.153998
118 1.859629 2.142663
119 1.856967 2.166059
120 1.855918 2.166922
121 1.854227 2.178244
122 1.853909 2.139901
123 1.852291 2.148927
124 1.850756 2.160775
125 1.850088 2.162044
126 1.84918 2.150768
127 1.846559 2.146715
128 1.843046 2.130603
129 1.840995 2.125537
130 1.84053 2.115479
131 1.83969 2.130296
132 1.838816 2.124547
133 1.83811 2.122227
134 1.836573 2.138596
135 1.835548 2.128108
136 1.834354 2.1435
137 1.83314 2.121284
138 1.831547 2.112221
139 1.830959 2.112856
140 1.830279 2.126241
141 1.830021 2.126668
142 1.829845 2.121799
143 1.829112 2.126119
144 1.828666 2.14865
145 1.828264 2.105644
146 1.828043 2.123852
147 1.827637 2.109398
148 1.827227 2.120698
149 1.8266 2.119037
150 1.82595 2.132929
151 1.825277 2.130192
152 1.825022 2.106786
153 1.824699 2.114706
154 1.824442 2.121974
155 1.823895 2.103536
156 1.823601 2.137127
157 1.822897 2.1085
158 1.822656 2.117175
159 1.822344 2.099559
160 1.822024 2.105516
161 1.821914 2.1258
162 1.821716 2.115607
163 1.821338 2.122595
164 1.820705 2.126391
165 1.820388 2.115584
166 1.820247 2.116626
167 1.8202 2.114468
168 1.820098 2.125592
169 1.819825 2.131558
170 1.819651 2.111998
171 1.81929 2.11922
172 1.819184 2.117329
173 1.819054 2.111794
174 1.818874 2.102211
175 1.818704 2.11411
176 1.818625 2.10229
177 1.818154 2.097995
178 1.818069 2.105925
179 1.817983 2.10278
180 1.817862 2.114121
181 1.817601 2.119721
182 1.817429 2.102504
183 1.817344 2.113789
184 1.817153 2.097608
185 1.81698 2.099711
186 1.816702 2.112735
187 1.816463 2.120693
188 1.816426 2.11304
189 1.816214 2.09243
190 1.816062 2.10437
191 1.81602 2.101124
192 1.815955 2.106203
193 1.815868 2.103239
194 1.815691 2.119139
195 1.815642 2.118175
196 1.815527 2.096297
197 1.815485 2.104457
198 1.815449 2.108124
199 1.815342 2.133236
200 1.815136 2.095051
201 1.815093 2.117138
202 1.815065 2.114998
203 1.815033 2.113756
204 1.814987 2.101708
205 1.814953 2.101148
206 1.814829 2.097126
207 1.814777 2.1097
208 1.814716 2.107792
209 1.814683 2.104752
210 1.814665 2.109656
211 1.814633 2.109682
212 1.814617 2.092207
213 1.814522 2.128882
214 1.814512 2.124356
215 1.814479 2.12164
216 1.814391 2.097761
217 1.81436 2.121442
218 1.81435 2.119691
219 1.814322 2.094742
220 1.814318 2.110409
221 1.814267 2.106969
222 1.814245 2.111077
223 1.814197 2.096402
224 1.814121 2.114183
225 1.814103 2.11745
226 1.814052 2.104168
227 1.814 2.116879
228 1.813987 2.11298
229 1.813957 2.107825
230 1.813942 2.107248
231 1.813915 2.106081
232 1.813902 2.100263
233 1.813861 2.109846
234 1.813832 2.098773
235 1.813828 2.111471
236 1.813817 2.086437
237 1.813744 2.128481
238 1.81374 2.101979
239 1.813715 2.130084
240 1.813633 2.11287
241 1.813582 2.098324
242 1.813548 2.099957
243 1.813531 2.106363
244 1.813498 2.10001
245 1.813487 2.12062
246 1.813443 2.118639
247 1.813428 2.103121
248 1.813426 2.098626
249 1.813426 2.09789
250 1.813414 2.111645
251 1.813386 2.115849
252 1.813354 2.13392
253 1.813341 2.113398
254 1.813283 2.112499
255 1.813277 2.10094
256 1.813244 2.118114
257 1.813239 2.116856
258 1.8132 2.110641
259 1.813194 2.102061
260 1.813158 2.117068
261 1.813129 2.101099
262 1.813117 2.097307
263 1.813111 2.105327
264 1.813109 2.127199
265 1.813093 2.122632
266 1.813068 2.099247
267 1.813064 2.117905
268 1.813054 2.126148
269 1.81304 2.103746
270 1.81304 2.107438
271 1.813021 2.106452
272 1.812997 2.115532
273 1.812996 2.110116
274 1.812984 2.10838
275 1.81297 2.116391
276 1.812951 2.101536
277 1.812924 2.107305
278 1.812923 2.114989
279 1.812901 2.096009
280 1.812886 2.108207
281 1.812865 2.109784
282 1.81286 2.101602
283 1.812851 2.112417
284 1.812846 2.092592
285 1.812829 2.115787
286 1.812823 2.116619
287 1.812808 2.09752
288 1.812773 2.105485
289 1.81277 2.114175
290 1.81277 2.097666
291 1.812752 2.112237
292 1.81274 2.109423
293 1.812736 2.117095
294 1.812732 2.111528
295 1.812728 2.110176
296 1.812727 2.107505
297 1.812712 2.106925
298 1.8127 2.099962
299 1.812691 2.118239
300 1.812674 2.113799
301 1.81267 2.108535
302 1.812654 2.102012
303 1.812653 2.105065
304 1.812586 2.111206
305 1.812581 2.095373
306 1.812572 2.108757
307 1.812558 2.111387
308 1.812518 2.11396
309 1.812514 2.108859
310 1.812511 2.104665
311 1.812506 2.121164
312 1.812495 2.098719
313 1.812494 2.1197
314 1.812493 2.125295
315 1.812493 2.093129
316 1.812487 2.103936
317 1.812483 2.106327
318 1.812482 2.123732
319 1.812475 2.116565
320 1.81247 2.112076
321 1.812469 2.112841
322 1.812458 2.094973
323 1.812454 2.135097
324 1.812418 2.088884
325 1.812403 2.132934
326 1.812401 2.116188
327 1.812395 2.101343
328 1.812388 2.095796
329 1.812386 2.136906
330 1.812378 2.120988
331 1.812371 2.120752
332 1.812365 2.099798
333 1.812357 2.115468
334 1.812355 2.116496
335 1.812351 2.122397
336 1.812346 2.109988
337 1.812344 2.098233
338 1.812338 2.120112
339 1.812336 2.097608
340 1.812335 2.124808
341 1.812331 2.117237
342 1.812326 2.101258
343 1.812322 2.107974
344 1.812318 2.103632
345 1.812311 2.106955
346 1.812308 2.115195
347 1.812293 2.114122
348 1.812292 2.107968
349 1.812289 2.107905
350 1.812274 2.094357
351 1.812269 2.099915
352 1.812266 2.115531
353 1.81226 2.109929
354 1.812253 2.107745
355 1.812251 2.122074
356 1.812247 2.104747
357 1.812245 2.108859
358 1.81223 2.10845
359 1.812225 2.10315
360 1.812222 2.069186
361 1.812221 2.135666
362 1.81221 2.11012
363 1.81221 2.101808
364 1.812209 2.094224
365 1.812209 2.08884
366 1.812201 2.105231
367 1.812197 2.104522
368 1.812187 2.104243
369 1.812184 2.094871
370 1.812181 2.105307
371 1.812178 2.106213
372 1.812178 2.10361
373 1.812168 2.098434
374 1.81216 2.130894
375 1.812157 2.099333
376 1.812157 2.118547
377 1.812151 2.11929
378 1.81214 2.110282
379 1.812137 2.107502
380 1.812131 2.106579
381 1.81213 2.11657
382 1.812127 2.117524
383 1.812117 2.112462
384 1.812117 2.11525
385 1.812113 2.120496
386 1.812111 2.104669
387 1.812106 2.092851
388 1.812101 2.113547
389 1.812101 2.092932
390 1.812091 2.11057
391 1.81209 2.116202
392 1.812085 2.108865
393 1.812074 2.123478
394 1.812073 2.129973
395 1.812073 2.128182
396 1.812068 2.102738
397 1.812064 2.11238
398 1.812063 2.108738
399 1.812056 2.120404
400 1.812049 2.103837
401 1.812046 2.109118
402 1.812044 2.090931
403 1.812042 2.088197
404 1.812041 2.123394
405 1.812041 2.097408
406 1.812037 2.109306
407 1.812033 2.103757
408 1.812033 2.100102
409 1.812031 2.092603
410 1.812031 2.099374
411 1.812026 2.110057
412 1.812008 2.096531
413 1.812004 2.114035
414 1.812 2.112611
415 1.811988 2.12888
416 1.811988 2.12712
417 1.811985 2.087324
418 1.811981 2.110132
419 1.811977 2.111129
420 1.811975 2.115134
421 1.811972 2.113146
422 1.81197 2.119533
423 1.811968 2.111675
424 1.811962 2.112459
425 1.81196 2.090913
426 1.811956 2.099064
427 1.811951 2.124305
428 1.811947 2.118885
429 1.811935 2.109404
430 1.811933 2.105397
431 1.811932 2.109396
432 1.811931 2.119678
433 1.811931 2.119407
434 1.811928 2.1022
435 1.811925 2.102024
436 1.811921 2.101827
437 1.811921 2.113286
438 1.811921 2.106862
439 1.811917 2.094124
440 1.811913 2.098762
441 1.81191 2.110419
442 1.811907 2.092743
443 1.811907 2.10718
444 1.811905 2.109626
445 1.8119 2.116585
446 1.8119 2.111634
447 1.8119 2.093227
448 1.811899 2.102606
449 1.811898 2.113835
450 1.811891 2.099111
451 1.81189 2.113699
452 1.811889 2.108468
453 1.811888 2.113069
454 1.811887 2.111949
455 1.811882 2.095995
456 1.811876 2.094271
457 1.811876 2.101866
458 1.811874 2.116904
459 1.811874 2.116907
460 1.81187 2.110173
461 1.81187 2.109265
462 1.811869 2.122768
463 1.811864 2.113492
464 1.811859 2.100238
465 1.811859 2.116407
466 1.811859 2.119379
467 1.811859 2.101035
468 1.811854 2.109304
469 1.811851 2.106252
470 1.81185 2.116683
471 1.811849 2.107622
472 1.811844 2.110751
473 1.811839 2.108776
474 1.811839 2.097493
475 1.811837 2.117059
476 1.811836 2.107432
477 1.811836 2.106326
478 1.811836 2.097941
479 1.81183 2.109698
480 1.81183 2.11804
481 1.811829 2.119543
482 1.811828 2.094219
483 1.811826 2.09674
484 1.811823 2.104958
485 1.811823 2.103513
486 1.811822 2.100954
487 1.811822 2.102391
488 1.811821 2.115616
489 1.811821 2.110605
490 1.81182 2.11537
491 1.811813 2.140323
492 1.811812 2.105737
493 1.811812 2.112596
494 1.811809 2.093571
495 1.811809 2.115702
496 1.811808 2.092094
497 1.811808 2.119179
498 1.811807 2.127674
499 1.811807 2.110243
500 1.811807 2.109794
501 1.811807 2.115957
502 1.811804 2.106275
503 1.811801 2.110665
504 1.811801 2.102123
505 1.811801 2.097816
506 1.811801 2.124301
507 1.811798 2.118561
508 1.811797 2.100709
509 1.811794 2.099411
510 1.811794 2.121575
511 1.811792 2.132463
512 1.811792 2.116182
513 1.811782 2.11742
514 1.81178 2.104703
515 1.811778 2.130299
516 1.811774 2.104323
517 1.811772 2.10384
518 1.811772 2.128262
519 1.811772 2.117077
520 1.811772 2.092512
521 1.811768 2.109456
522 1.811767 2.112077
523 1.811766 2.111169
524 1.811766 2.104794
525 1.811762 2.109989
526 1.811762 2.127893
527 1.811762 2.117111
528 1.811761 2.112797
529 1.81176 2.13333
530 1.81176 2.115154
531 1.811759 2.098367
532 1.811759 2.103085
533 1.811755 2.100743
534 1.811755 2.086398
535 1.811755 2.109943
536 1.811754 2.129402
537 1.811752 2.109322
538 1.81175 2.109982
539 1.811747 2.113992
540 1.811747 2.107846
541 1.811747 2.114179
542 1.811746 2.109643
543 1.811745 2.094895
544 1.811743 2.094195
545 1.811742 2.102827
546 1.811742 2.086589
547 1.811741 2.108596
548 1.811739 2.125817
549 1.811737 2.119603
550 1.811737 2.12203
551 1.811732 2.111952
552 1.811732 2.098722
553 1.811725 2.097212
554 1.811725 2.116185
555 1.811725 2.117853
556 1.811725 2.113453
557 1.811723 2.124819
558 1.811723 2.103517
559 1.811719 2.112555
560 1.811719 2.100484
561 1.811719 2.104747
562 1.811717 2.11614
563 1.811716 2.118811
564 1.811716 2.104091
565 1.811716 2.112395
566 1.811712 2.10152
567 1.811712 2.126303
568 1.81171 2.108226
569 1.811708 2.122088
570 1.811706 2.126047
571 1.811706 2.120057
572 1.811706 2.105574
573 1.811706 2.098451
574 1.811704 2.089006
575 1.811703 2.093345
576 1.811699 2.12371
577 1.811699 2.126258
578 1.811698 2.110278
579 1.811696 2.117341
580 1.811696 2.121957
581 1.811696 2.103002
582 1.811696 2.113947
583 1.811695 2.123497
584 1.811694 2.112517
585 1.811694 2.108737
586 1.811692 2.104788
587 1.811692 2.110063
588 1.811691 2.120611
589 1.81169 2.11419
590 1.81169 2.107042
591 1.811688 2.096199
592 1.811683 2.109337
593 1.811682 2.118569
594 1.811678 2.128776
595 1.811676 2.113685
596 1.811673 2.119465
597 1.811671 2.124563
598 1.811669 2.103923
599 1.811669 2.110447
600 1.811668 2.106862
601 1.811667 2.102341
602 1.811666 2.111359
603 1.811666 2.108915
604 1.811664 2.123506
605 1.811664 2.081546
606 1.811664 2.118797
607 1.811664 2.109691
608 1.811664 2.120385
609 1.811661 2.111787
610 1.811657 2.09233
611 1.811657 2.094865
612 1.811657 2.110284
613 1.811657 2.113795
614 1.811657 2.092666
615 1.811657 2.121655
616 1.811656 2.113923
617 1.811655 2.107739
618 1.811654 2.122544
619 1.811653 2.128211
620 1.811653 2.115326
621 1.811652 2.10386
622 1.811651 2.109304
623 1.811651 2.105073
624 1.811651 2.089662
625 1.81165 2.111413
626 1.81165 2.110907
627 1.811649 2.121164
628 1.811649 2.117702
629 1.811645 2.122285
630 1.811641 2.116434
631 1.81164 2.116763
632 1.81164 2.106205
633 1.811639 2.112775
634 1.811638 2.109902
635 1.811638 2.10972
636 1.811637 2.122986
637 1.811633 2.116645
638 1.811633 2.101392
639 1.811632 2.125432
640 1.811632 2.102969
641 1.811632 2.137168
642 1.811632 2.086917
643 1.811632 2.105191
644 1.811632 2.113581
645 1.811631 2.115892
646 1.81163 2.109428
647 1.81163 2.118113
648 1.81163 2.101107
649 1.81163 2.113244
650 1.81163 2.116266
651 1.811628 2.103209
652 1.811628 2.096621
653 1.811623 2.128195
654 1.811623 2.130536
655 1.811621 2.113565
656 1.81162 2.104349
657 1.81162 2.11134
658 1.81162 2.127895
659 1.81162 2.098641
660 1.81162 2.124166
661 1.811619 2.104223
662 1.811619 2.110064
663 1.811619 2.114385
664 1.811619 2.102443
665 1.811619 2.111106
666 1.811617 2.100785
667 1.811617 2.118228
668 1.811614 2.1171
669 1.811611 2.11681
670 1.811611 2.101523
671 1.811608 2.099234
672 1.811608 2.106567
673 1.811607 2.079656
674 1.811607 2.103532
675 1.811607 2.111553
676 1.811605 2.118777
677 1.811604 2.111595
678 1.811601 2.113751
679 1.811598 2.117055
680 1.811598 2.114754
681 1.811597 2.113327
682 1.811597 2.113648
683 1.811597 2.099408
684 1.811597 2.102773
685 1.811597 2.117109
686 1.811597 2.113728
687 1.811596 2.09833
688 1.811595 2.129533
689 1.811595 2.108902
690 1.811595 2.12227
691 1.811594 2.090869
692 1.811594 2.100736
693 1.811594 2.126921
694 1.811594 2.114565
695 1.811593 2.115778
696 1.811592 2.113907
697 1.811591 2.111909
698 1.81159 2.136592
699 1.811588 2.100567
700 1.811588 2.11137
701 1.811588 2.114208
702 1.811588 2.102029
703 1.811588 2.121695
704 1.811584 2.110799
705 1.811584 2.117927
706 1.811584 2.106229
707 1.811583 2.130796
708 1.811583 2.140946
709 1.811583 2.108111
710 1.811582 2.104652
711 1.811582 2.102485
712 1.811582 2.09435
713 1.811581 2.11379
714 1.811577 2.11459
715 1.811576 2.127805
716 1.811576 2.11316
717 1.811576 2.112754
718 1.811576 2.107469
719 1.811576 2.105366
720 1.811574 2.118094
721 1.811574 2.106833
722 1.811574 2.095397
723 1.811574 2.10611
724 1.811573 2.115557
725 1.811573 2.087173
726 1.81157 2.113891
727 1.81157 2.120623
728 1.81157 2.106263
729 1.811569 2.10929
730 1.811568 2.109876
731 1.811567 2.108815
732 1.811565 2.115006
733 1.811565 2.128813
734 1.811565 2.108527
735 1.811565 2.112393
736 1.811565 2.10604
737 1.811565 2.113622
738 1.811562 2.113187
739 1.811562 2.106686
740 1.811562 2.098816
741 1.811562 2.108773
742 1.811562 2.108147
743 1.811562 2.10204
744 1.81156 2.130501
745 1.811558 2.110311
746 1.811558 2.113805
747 1.811556 2.134752
748 1.811556 2.107537
749 1.811556 2.105581
750 1.811555 2.109376
751 1.811555 2.107543
752 1.811555 2.112885
753 1.811555 2.114444
754 1.811555 2.103981
755 1.811555 2.110766
756 1.811555 2.107407
757 1.811555 2.107519
758 1.811555 2.111799
759 1.811554 2.096342
760 1.811554 2.118279
761 1.811553 2.109121
762 1.811553 2.121351
763 1.811553 2.108755
764 1.811553 2.092903
765 1.811552 2.122748
766 1.811552 2.123253
767 1.811552 2.1062
768 1.811548 2.118211
769 1.811548 2.116176
770 1.811548 2.111019
771 1.811548 2.10109
772 1.811547 2.095607
773 1.811547 2.112708
774 1.811547 2.096298
775 1.811546 2.094551
776 1.811545 2.106518
777 1.811545 2.100166
778 1.811545 2.113959
779 1.811545 2.103587
780 1.811545 2.120353
781 1.811545 2.115125
782 1.811543 2.106609
783 1.811543 2.111121
784 1.811543 2.099304
785 1.811543 2.117746
786 1.811542 2.095297
787 1.811542 2.107961
788 1.811542 2.099847
789 1.811541 2.112734
790 1.811541 2.09585
791 1.81154 2.106628
792 1.81154 2.119374
793 1.81154 2.118356
794 1.81154 2.10671
795 1.81154 2.120448
796 1.81154 2.099382
797 1.81154 2.111727
798 1.81154 2.121085
799 1.81154 2.104309
800 1.811539 2.097471
801 1.811539 2.092708
802 1.811538 2.109661
803 1.811538 2.118912
804 1.811538 2.104897
805 1.811538 2.11812
806 1.811538 2.111284
807 1.811538 2.100789
808 1.811538 2.118769
809 1.811538 2.119702
810 1.811537 2.104749
811 1.811537 2.091379
812 1.811537 2.121444
813 1.811536 2.128135
814 1.811535 2.117506
815 1.811535 2.101688
816 1.811535 2.125571
817 1.811535 2.113829
818 1.811535 2.100945
819 1.811535 2.108296
820 1.811535 2.096506
821 1.811535 2.10148
822 1.811535 2.095306
823 1.811535 2.100376
824 1.811535 2.083652
825 1.811535 2.105996
826 1.811535 2.10342
827 1.811535 2.109595
828 1.811534 2.131934
829 1.811534 2.133468
830 1.811534 2.114119
831 1.811534 2.105677
832 1.811534 2.113634
833 1.811534 2.11592
834 1.811533 2.101039
835 1.811533 2.099933
836 1.811533 2.109751
837 1.811533 2.095875
838 1.811533 2.105163
839 1.811532 2.10721
840 1.811532 2.114258
841 1.811532 2.118331
842 1.811532 2.11341
843 1.811532 2.127192
844 1.811532 2.098144
845 1.811532 2.097032
846 1.811532 2.099213
847 1.811531 2.111161
848 1.811531 2.102985
849 1.811531 2.100975
850 1.811531 2.103094
851 1.81153 2.115921
852 1.81153 2.105642
853 1.81153 2.110838
854 1.81153 2.108073
855 1.81153 2.12872
856 1.81153 2.120026
857 1.811529 2.099257
858 1.811529 2.116025
859 1.811529 2.120759
860 1.811528 2.106628
861 1.811528 2.115756
862 1.811527 2.127175
863 1.811527 2.106041
864 1.811527 2.117142
865 1.811527 2.118149
866 1.811527 2.090165
867 1.811527 2.099718
868 1.811527 2.114834
869 1.811527 2.115613
870 1.811527 2.119118
871 1.811527 2.113929
872 1.811526 2.114314
873 1.811526 2.120094
874 1.811526 2.10872
875 1.811526 2.102778
876 1.811526 2.11383
877 1.811526 2.121406
878 1.811526 2.099951
879 1.811526 2.113803
880 1.811526 2.105536
881 1.811525 2.096119
882 1.811525 2.108378
883 1.811525 2.107345
884 1.811525 2.120187
885 1.811525 2.098965
886 1.811525 2.107908
887 1.811525 2.104153
888 1.811525 2.11249
889 1.811525 2.105423
890 1.811525 2.10374
891 1.811525 2.104089
892 1.811525 2.110479
893 1.811524 2.135577
894 1.811524 2.132449
895 1.811523 2.1093
896 1.811522 2.101667
897 1.811522 2.106358
898 1.811522 2.112867
899 1.81152 2.102217
900 1.81152 2.114428
901 1.81152 2.112696
902 1.81152 2.117557
903 1.81152 2.110868
904 1.81152 2.115945
905 1.81152 2.114917
906 1.81152 2.107403
907 1.81152 2.10691
908 1.81152 2.116243
909 1.811519 2.110684
910 1.811519 2.119329
911 1.811519 2.093716
912 1.811519 2.101408
913 1.811519 2.101991
914 1.811519 2.123855
915 1.811519 2.117183
916 1.811519 2.11979
917 1.811519 2.089346
918 1.811518 2.109346
919 1.811518 2.101561
920 1.811518 2.096688
921 1.811518 2.104228
922 1.811518 2.122506
923 1.811518 2.113325
924 1.811518 2.103915
925 1.811518 2.113747
926 1.811517 2.111875
927 1.811517 2.11044
928 1.811517 2.14318
929 1.811517 2.129749
930 1.811517 2.119989
931 1.811517 2.119365
932 1.811517 2.095326
933 1.811517 2.104588
934 1.811515 2.110278
935 1.811514 2.120315
936 1.811514 2.088684
937 1.811514 2.115847
938 1.811514 2.122477
939 1.811514 2.123174
940 1.811514 2.129536
941 1.811514 2.112894
942 1.811514 2.117966
943 1.811513 2.113953
944 1.811513 2.104308
945 1.811513 2.11371
946 1.811513 2.118695
947 1.811512 2.123021
948 1.811512 2.12056
949 1.811512 2.096022
950 1.811512 2.122362
951 1.811512 2.13293
952 1.811512 2.115749
953 1.811512 2.113865
954 1.811511 2.101459
955 1.811511 2.095273
956 1.81151 2.100367
957 1.81151 2.104089
958 1.81151 2.093235
959 1.81151 2.130432
960 1.81151 2.096328
961 1.81151 2.106081
962 1.81151 2.101624
963 1.81151 2.100782
964 1.81151 2.119008
965 1.81151 2.124226
966 1.81151 2.103174
967 1.81151 2.112724
968 1.81151 2.10323
969 1.81151 2.101559
970 1.811509 2.125175
971 1.811509 2.111213
972 1.811508 2.105509
973 1.811508 2.104673
974 1.811508 2.110795
975 1.811508 2.107922
976 1.811508 2.101872
977 1.811508 2.110822
978 1.811508 2.127129
979 1.811507 2.125428
980 1.811507 2.106769
981 1.811507 2.098167
982 1.811507 2.105574
983 1.811507 2.111007
984 1.811506 2.102756
985 1.811505 2.105172
986 1.811504 2.119177
987 1.811501 2.092887
988 1.811501 2.104972
989 1.811501 2.098882
990 1.811501 2.119925
991 1.8115 2.103053
992 1.8115 2.102613
993 1.8115 2.11764
994 1.8115 2.105395
995 1.8115 2.103603
996 1.8115 2.114814
997 1.8115 2.12357
998 1.811499 2.106662
999 1.811499 2.091893

