StartPoint = (0, 5)
EndPoint = (10, 0)
N Points = 20
Selection = Tournament
Tournament Size = 100
NCrossings = 4
NGenerations = 1000
PopulationSize = 120
MutationProb = 0.1
CrossoverProb = 0.9
MutationType = Gaussian
Elistic = 40


Best Result(mean): 1.811121

0 4.780511 7.89945
1 3.573628 5.860533
2 3.050749 4.661261
3 2.733829 4.138428
4 2.555588 3.981907
5 2.43603 3.811574
6 2.374095 3.836949
7 2.333595 3.87533
8 2.300247 3.822325
9 2.281644 3.793919
10 2.269479 3.813066
11 2.260631 3.780711
12 2.254214 3.798029
13 2.24877 3.643428
14 2.243264 3.735222
15 2.237904 3.69694
16 2.232804 3.621119
17 2.227168 3.680355
18 2.222145 3.651334
19 2.218264 3.652345
20 2.214256 3.675525
21 2.210719 3.654199
22 2.206152 3.53175
23 2.203018 3.557799
24 2.200974 3.498862
25 2.196948 3.462023
26 2.194287 3.484386
27 2.192012 3.440506
28 2.187635 3.403369
29 2.182706 3.397805
30 2.180868 3.392391
31 2.178013 3.292771
32 2.173216 3.22737
33 2.171307 3.267007
34 2.166502 3.264081
35 2.161291 3.221002
36 2.153404 3.112601
37 2.148479 3.097483
38 2.142021 3.075884
39 2.136892 3.045862
40 2.132713 3.050521
41 2.124112 2.992056
42 2.117163 2.908388
43 2.112216 2.910828
44 2.108319 2.897133
45 2.103568 2.881051
46 2.095743 2.884664
47 2.087893 2.828823
48 2.079711 2.743932
49 2.067584 2.691018
50 2.058976 2.666652
51 2.054483 2.644432
52 2.047469 2.580276
53 2.04088 2.595772
54 2.03163 2.556895
55 2.021137 2.520944
56 2.014969 2.469328
57 2.008619 2.495076
58 2.002609 2.455156
59 1.996694 2.495049
60 1.990168 2.424957
61 1.984289 2.434922
62 1.97667 2.417968
63 1.972849 2.427282
64 1.967479 2.406889
65 1.963691 2.371966
66 1.958585 2.364181
67 1.952422 2.334446
68 1.949024 2.371202
69 1.944786 2.322302
70 1.94321 2.350625
71 1.939311 2.325705
72 1.936198 2.355196
73 1.933641 2.315003
74 1.930171 2.302761
75 1.927078 2.289042
76 1.924549 2.298661
77 1.91879 2.285138
78 1.914129 2.277961
79 1.911769 2.246683
80 1.908172 2.2661
81 1.905216 2.264673
82 1.902808 2.25326
83 1.900421 2.218437
84 1.89858 2.232855
85 1.897368 2.25379
86 1.894212 2.225696
87 1.892027 2.215295
88 1.888221 2.205665
89 1.885129 2.224494
90 1.882846 2.199724
91 1.878711 2.165927
92 1.875704 2.182816
93 1.873803 2.179514
94 1.871221 2.161475
95 1.870249 2.176679
96 1.866993 2.175937
97 1.865507 2.134587
98 1.860717 2.122915
99 1.858814 2.146118
100 1.855744 2.143855
101 1.853149 2.158384
102 1.851164 2.157462
103 1.848952 2.138386
104 1.848295 2.131895
105 1.846789 2.135423
106 1.844367 2.135846
107 1.843353 2.147819
108 1.841091 2.151367
109 1.840125 2.136386
110 1.839018 2.118993
111 1.837665 2.129725
112 1.836355 2.138812
113 1.834888 2.131117
114 1.834039 2.122262
115 1.833582 2.124384
116 1.832897 2.118017
117 1.832087 2.126515
118 1.831667 2.126482
119 1.831179 2.133895
120 1.830631 2.121332
121 1.829992 2.138664
122 1.829418 2.137985
123 1.829017 2.109798
124 1.828403 2.138552
125 1.827565 2.116271
126 1.826976 2.116977
127 1.826358 2.129132
128 1.825728 2.111632
129 1.825501 2.134681
130 1.825271 2.116463
131 1.824499 2.123588
132 1.82412 2.123795
133 1.82381 2.121269
134 1.823494 2.09718
135 1.823184 2.122365
136 1.822722 2.132446
137 1.822544 2.117173
138 1.822135 2.130406
139 1.821971 2.12045
140 1.821846 2.111823
141 1.821554 2.107707
142 1.821368 2.100492
143 1.821179 2.109368
144 1.820934 2.115581
145 1.820809 2.103133
146 1.820723 2.113014
147 1.820553 2.10728
148 1.820407 2.115605
149 1.820236 2.108653
150 1.820005 2.113978
151 1.819829 2.112755
152 1.819481 2.093023
153 1.819244 2.126294
154 1.818978 2.137416
155 1.81874 2.109519
156 1.818391 2.123661
157 1.818183 2.105355
158 1.818003 2.101729
159 1.817902 2.099453
160 1.817695 2.112717
161 1.8175 2.133341
162 1.817381 2.106828
163 1.817244 2.129807
164 1.817154 2.12433
165 1.817055 2.111158
166 1.816918 2.113598
167 1.816807 2.11816
168 1.816658 2.108994
169 1.816576 2.132153
170 1.816494 2.111599
171 1.816433 2.096142
172 1.816396 2.109519
173 1.816335 2.11095
174 1.816255 2.126985
175 1.816227 2.12175
176 1.816137 2.123846
177 1.816089 2.126895
178 1.815996 2.132184
179 1.815956 2.10061
180 1.815884 2.114081
181 1.815857 2.10132
182 1.815838 2.12618
183 1.815709 2.126884
184 1.815673 2.125334
185 1.81557 2.114083
186 1.815441 2.119671
187 1.815339 2.13228
188 1.815254 2.120197
189 1.815169 2.117442
190 1.815093 2.116164
191 1.815066 2.116257
192 1.815054 2.114702
193 1.815033 2.115987
194 1.814997 2.114503
195 1.814931 2.110188
196 1.81483 2.130278
197 1.814776 2.107705
198 1.814683 2.124535
199 1.814581 2.08783
200 1.814558 2.094441
201 1.814523 2.120809
202 1.814452 2.121473
203 1.814409 2.109318
204 1.814379 2.126712
205 1.814328 2.108956
206 1.813879 2.107184
207 1.813858 2.11875
208 1.813824 2.123898
209 1.813799 2.118464
210 1.813771 2.124076
211 1.813751 2.104806
212 1.813721 2.10084
213 1.813715 2.121808
214 1.813665 2.091972
215 1.813576 2.099792
216 1.813545 2.104666
217 1.813482 2.109033
218 1.813462 2.128779
219 1.81345 2.130596
220 1.81342 2.117673
221 1.813341 2.115023
222 1.813318 2.119249
223 1.813287 2.123824
224 1.813273 2.115965
225 1.813261 2.099866
226 1.813246 2.108921
227 1.813216 2.116888
228 1.81316 2.117404
229 1.813141 2.107734
230 1.813119 2.103184
231 1.813097 2.105188
232 1.813066 2.117915
233 1.813058 2.107912
234 1.81302 2.120779
235 1.812995 2.107788
236 1.812964 2.100151
237 1.812944 2.121198
238 1.81294 2.123864
239 1.812876 2.109306
240 1.812838 2.106586
241 1.812835 2.100524
242 1.812805 2.10259
243 1.812798 2.116668
244 1.812775 2.124604
245 1.812767 2.115238
246 1.812759 2.106784
247 1.812748 2.097588
248 1.812735 2.121969
249 1.812733 2.098937
250 1.812713 2.114226
251 1.812695 2.121019
252 1.81268 2.112848
253 1.812677 2.114958
254 1.812674 2.109681
255 1.812664 2.115119
256 1.812658 2.125959
257 1.812655 2.111014
258 1.812627 2.09866
259 1.812624 2.119681
260 1.812616 2.11764
261 1.812572 2.095236
262 1.812566 2.107115
263 1.812558 2.124453
264 1.812522 2.129029
265 1.81251 2.101453
266 1.812489 2.109809
267 1.812487 2.127932
268 1.812473 2.116212
269 1.812465 2.121013
270 1.812464 2.125326
271 1.81242 2.099756
272 1.812393 2.127127
273 1.812389 2.127574
274 1.812388 2.106827
275 1.81238 2.1043
276 1.812374 2.104857
277 1.812373 2.1131
278 1.81236 2.107529
279 1.812358 2.09767
280 1.812354 2.100806
281 1.812311 2.10304
282 1.812302 2.117838
283 1.812281 2.123046
284 1.812268 2.108654
285 1.812267 2.119413
286 1.812266 2.112879
287 1.812231 2.10439
288 1.812229 2.122139
289 1.812226 2.110201
290 1.8122 2.109617
291 1.812189 2.122751
292 1.81218 2.109887
293 1.81217 2.092895
294 1.812157 2.124484
295 1.812147 2.102646
296 1.812136 2.100295
297 1.812127 2.084728
298 1.812092 2.147751
299 1.81209 2.123644
300 1.812086 2.113149
301 1.812083 2.111161
302 1.81208 2.112422
303 1.812071 2.095314
304 1.812063 2.148878
305 1.812058 2.097184
306 1.812046 2.111091
307 1.812045 2.110907
308 1.812023 2.108775
309 1.812021 2.118388
310 1.81202 2.119461
311 1.812019 2.097367
312 1.812009 2.10796
313 1.812009 2.125826
314 1.811983 2.127538
315 1.811981 2.108707
316 1.81198 2.119398
317 1.811972 2.1213
318 1.811972 2.10184
319 1.811958 2.127117
320 1.811944 2.104958
321 1.81194 2.11375
322 1.81194 2.107764
323 1.811936 2.121596
324 1.811935 2.098043
325 1.811926 2.096514
326 1.811915 2.121263
327 1.811903 2.099372
328 1.81188 2.128016
329 1.811867 2.12538
330 1.811864 2.110984
331 1.811862 2.120457
332 1.811855 2.095829
333 1.811853 2.10635
334 1.811849 2.107513
335 1.811848 2.112635
336 1.811839 2.094275
337 1.811826 2.098667
338 1.811819 2.116523
339 1.811809 2.091546
340 1.811806 2.112372
341 1.811797 2.102196
342 1.811796 2.106412
343 1.811796 2.100586
344 1.811795 2.106452
345 1.81179 2.112737
346 1.811783 2.109858
347 1.811782 2.108293
348 1.811775 2.112679
349 1.811772 2.119619
350 1.811769 2.109254
351 1.811764 2.11616
352 1.811758 2.105602
353 1.811746 2.108236
354 1.811743 2.111222
355 1.811743 2.115792
356 1.811741 2.122088
357 1.811733 2.101164
358 1.811727 2.118487
359 1.811726 2.110324
360 1.811715 2.107585
361 1.811703 2.103984
362 1.811697 2.128358
363 1.811693 2.117619
364 1.811693 2.118834
365 1.811689 2.080703
366 1.811685 2.11154
367 1.811682 2.109833
368 1.81168 2.103332
369 1.81168 2.099961
370 1.811673 2.092669
371 1.811667 2.103174
372 1.811665 2.096694
373 1.811654 2.10867
374 1.811645 2.112468
375 1.811643 2.118056
376 1.811638 2.10748
377 1.811637 2.115273
378 1.811636 2.107818
379 1.811636 2.112639
380 1.811634 2.110309
381 1.811631 2.108447
382 1.811629 2.110934
383 1.811622 2.103141
384 1.811615 2.100858
385 1.811604 2.100955
386 1.8116 2.09539
387 1.811597 2.122286
388 1.811594 2.108862
389 1.811593 2.104443
390 1.811593 2.118876
391 1.811587 2.102833
392 1.811585 2.099908
393 1.811583 2.118433
394 1.81158 2.112864
395 1.811577 2.107706
396 1.811573 2.105438
397 1.811565 2.127269
398 1.811561 2.094556
399 1.81156 2.111842
400 1.811548 2.117135
401 1.811545 2.113927
402 1.81154 2.098417
403 1.811535 2.113605
404 1.811534 2.099005
405 1.811526 2.11709
406 1.811524 2.111803
407 1.811519 2.112892
408 1.811517 2.116773
409 1.811515 2.118026
410 1.811514 2.110661
411 1.81151 2.113254
412 1.811505 2.105788
413 1.811505 2.10505
414 1.811504 2.124956
415 1.811502 2.096457
416 1.811494 2.104684
417 1.811494 2.106261
418 1.811487 2.108629
419 1.811485 2.103841
420 1.811484 2.118946
421 1.811483 2.110898
422 1.811483 2.110147
423 1.811481 2.122765
424 1.811481 2.137685
425 1.811481 2.091007
426 1.811478 2.091119
427 1.811476 2.104466
428 1.811474 2.116631
429 1.81147 2.104559
430 1.811468 2.108075
431 1.811465 2.114822
432 1.811462 2.111043
433 1.811452 2.118168
434 1.811452 2.106131
435 1.81145 2.11815
436 1.811448 2.110199
437 1.811445 2.10094
438 1.811445 2.117383
439 1.811445 2.094607
440 1.811444 2.120204
441 1.811443 2.131876
442 1.811442 2.132759
443 1.811442 2.111952
444 1.811437 2.102024
445 1.811436 2.108356
446 1.81143 2.108797
447 1.81143 2.112377
448 1.811429 2.088427
449 1.811428 2.09906
450 1.811426 2.113142
451 1.811424 2.095479
452 1.811422 2.114671
453 1.811422 2.13678
454 1.811422 2.09276
455 1.811421 2.137141
456 1.81142 2.118253
457 1.811419 2.111706
458 1.811419 2.121118
459 1.811418 2.096203
460 1.811417 2.109741
461 1.811416 2.105724
462 1.811416 2.122241
463 1.811412 2.101897
464 1.811412 2.107931
465 1.811412 2.097243
466 1.811411 2.117398
467 1.811411 2.135203
468 1.811409 2.084573
469 1.811403 2.111969
470 1.811403 2.105241
471 1.811403 2.118434
472 1.811401 2.124865
473 1.811399 2.104412
474 1.811399 2.137512
475 1.811394 2.107703
476 1.811393 2.097776
477 1.811393 2.111073
478 1.811391 2.103568
479 1.811389 2.106611
480 1.811388 2.113086
481 1.811387 2.129034
482 1.811386 2.100657
483 1.811383 2.090113
484 1.81138 2.124449
485 1.811379 2.110414
486 1.811378 2.10724
487 1.811378 2.114064
488 1.811378 2.101206
489 1.811372 2.110146
490 1.811371 2.109143
491 1.811369 2.120175
492 1.811369 2.104313
493 1.811368 2.097596
494 1.811368 2.130512
495 1.811366 2.098032
496 1.811366 2.10513
497 1.811366 2.104202
498 1.811366 2.10743
499 1.811365 2.120194
500 1.811365 2.139045
501 1.811365 2.115475
502 1.811364 2.110339
503 1.811363 2.117493
504 1.811363 2.102345
505 1.811363 2.113184
506 1.811363 2.116748
507 1.811362 2.105153
508 1.811355 2.109576
509 1.811354 2.092802
510 1.811353 2.120518
511 1.811352 2.126745
512 1.811351 2.104618
513 1.811351 2.127848
514 1.811351 2.125141
515 1.81135 2.124786
516 1.811349 2.122216
517 1.811347 2.108706
518 1.811344 2.110087
519 1.811344 2.111663
520 1.811342 2.100159
521 1.811339 2.113983
522 1.811339 2.114385
523 1.811339 2.110354
524 1.811338 2.104711
525 1.811335 2.119126
526 1.811335 2.129044
527 1.811335 2.110967
528 1.811334 2.11749
529 1.811334 2.107431
530 1.811332 2.104341
531 1.811332 2.113661
532 1.811332 2.113808
533 1.811332 2.118715
534 1.81133 2.116625
535 1.81133 2.109331
536 1.811326 2.113034
537 1.811326 2.114835
538 1.811324 2.101402
539 1.811324 2.123596
540 1.811323 2.104287
541 1.811323 2.097503
542 1.81132 2.117147
543 1.811317 2.129964
544 1.811316 2.114456
545 1.811316 2.092552
546 1.811314 2.115904
547 1.811313 2.109984
548 1.811311 2.109464
549 1.811309 2.124077
550 1.811306 2.095779
551 1.811304 2.116593
552 1.811304 2.10003
553 1.811304 2.11737
554 1.811303 2.126965
555 1.8113 2.117998
556 1.811295 2.109807
557 1.811295 2.104069
558 1.811293 2.12251
559 1.811293 2.10954
560 1.811291 2.113069
561 1.81129 2.116257
562 1.81129 2.091589
563 1.811289 2.115434
564 1.811289 2.118237
565 1.811289 2.114712
566 1.811289 2.110029
567 1.811286 2.112055
568 1.811286 2.104197
569 1.811286 2.111958
570 1.811284 2.097361
571 1.811283 2.089091
572 1.811279 2.102673
573 1.811274 2.119508
574 1.811274 2.121808
575 1.811272 2.092593
576 1.811272 2.100859
577 1.811272 2.114258
578 1.811271 2.106174
579 1.811271 2.127459
580 1.811271 2.100583
581 1.81127 2.108864
582 1.81127 2.111933
583 1.81127 2.091578
584 1.81127 2.108811
585 1.81127 2.110734
586 1.81127 2.106089
587 1.81127 2.101899
588 1.81127 2.103308
589 1.811269 2.114299
590 1.811268 2.12471
591 1.811267 2.108459
592 1.811264 2.123386
593 1.811262 2.108393
594 1.811262 2.118145
595 1.811261 2.104498
596 1.811261 2.103552
597 1.811261 2.102707
598 1.811258 2.117415
599 1.811258 2.118697
600 1.811258 2.118006
601 1.811258 2.109674
602 1.811257 2.12529
603 1.811256 2.10453
604 1.811256 2.115939
605 1.811255 2.090056
606 1.811255 2.107027
607 1.811255 2.113463
608 1.811254 2.111518
609 1.811254 2.106328
610 1.811254 2.111464
611 1.811254 2.128953
612 1.811253 2.121941
613 1.811253 2.113989
614 1.811252 2.109759
615 1.811252 2.106411
616 1.81125 2.107977
617 1.81125 2.126886
618 1.81125 2.115077
619 1.81125 2.104812
620 1.81125 2.115918
621 1.811249 2.109047
622 1.811249 2.113263
623 1.811249 2.127618
624 1.811249 2.103756
625 1.811249 2.091842
626 1.811249 2.116542
627 1.811248 2.106224
628 1.811248 2.108997
629 1.811248 2.113867
630 1.811248 2.113751
631 1.811246 2.112633
632 1.811245 2.112738
633 1.811245 2.103035
634 1.811244 2.099629
635 1.811243 2.108566
636 1.811241 2.115524
637 1.81124 2.103742
638 1.811239 2.092317
639 1.811239 2.111332
640 1.811239 2.100577
641 1.811239 2.102971
642 1.811238 2.121791
643 1.811237 2.111464
644 1.811237 2.11679
645 1.811237 2.101722
646 1.811236 2.102933
647 1.811236 2.124272
648 1.811236 2.122035
649 1.811236 2.107248
650 1.811235 2.11693
651 1.811234 2.118437
652 1.811217 2.120208
653 1.811217 2.118905
654 1.811216 2.12581
655 1.811216 2.137413
656 1.811216 2.109467
657 1.811216 2.104711
658 1.811216 2.099265
659 1.811214 2.122138
660 1.811214 2.093487
661 1.811214 2.109977
662 1.811214 2.114976
663 1.811214 2.112717
664 1.811213 2.12026
665 1.811213 2.09823
666 1.811213 2.121755
667 1.811213 2.100753
668 1.811213 2.108426
669 1.811213 2.102388
670 1.811213 2.099243
671 1.811213 2.109996
672 1.811213 2.125107
673 1.811211 2.113281
674 1.811211 2.103189
675 1.811211 2.119802
676 1.811211 2.098956
677 1.811211 2.131141
678 1.811211 2.110612
679 1.811211 2.113745
680 1.811211 2.120221
681 1.81121 2.104397
682 1.81121 2.092469
683 1.811209 2.117981
684 1.811208 2.116797
685 1.811207 2.108854
686 1.811207 2.109699
687 1.811207 2.097818
688 1.811207 2.139592
689 1.811207 2.108535
690 1.811206 2.090754
691 1.811206 2.120844
692 1.811205 2.128546
693 1.811205 2.101178
694 1.811205 2.109383
695 1.811205 2.103762
696 1.811205 2.109408
697 1.811205 2.103878
698 1.811205 2.120746
699 1.811204 2.106644
700 1.811203 2.1071
701 1.811203 2.121154
702 1.811203 2.133132
703 1.811203 2.092458
704 1.811203 2.123281
705 1.811202 2.120091
706 1.811202 2.119926
707 1.811201 2.095886
708 1.811201 2.108251
709 1.811201 2.111334
710 1.811201 2.095743
711 1.811201 2.093983
712 1.8112 2.109342
713 1.8112 2.104564
714 1.8112 2.110558
715 1.8112 2.117487
716 1.811199 2.107391
717 1.811198 2.118607
718 1.811198 2.129861
719 1.811198 2.121123
720 1.811198 2.116208
721 1.811197 2.107132
722 1.811197 2.128738
723 1.811197 2.10522
724 1.811196 2.098108
725 1.811196 2.116852
726 1.811195 2.097997
727 1.811195 2.114645
728 1.811195 2.122481
729 1.811195 2.10549
730 1.811195 2.116515
731 1.811194 2.096381
732 1.811194 2.123126
733 1.811194 2.107419
734 1.811194 2.094196
735 1.811194 2.08411
736 1.811192 2.100485
737 1.811192 2.105738
738 1.811192 2.107419
739 1.811192 2.10745
740 1.811192 2.109333
741 1.811192 2.085277
742 1.811192 2.12105
743 1.811192 2.113982
744 1.811191 2.120024
745 1.811191 2.123814
746 1.81119 2.094707
747 1.81119 2.102558
748 1.81119 2.109917
749 1.811189 2.089281
750 1.811189 2.110955
751 1.811189 2.105752
752 1.811189 2.108391
753 1.811189 2.106372
754 1.811189 2.111
755 1.811189 2.099034
756 1.811188 2.121305
757 1.811188 2.097475
758 1.811188 2.119859
759 1.811188 2.109694
760 1.811185 2.100617
761 1.811184 2.119048
762 1.811183 2.098573
763 1.811183 2.094745
764 1.811183 2.112702
765 1.811183 2.118697
766 1.811182 2.116769
767 1.811182 2.103175
768 1.811179 2.101217
769 1.811177 2.097613
770 1.811177 2.111235
771 1.811177 2.110964
772 1.811177 2.097241
773 1.811177 2.112651
774 1.811176 2.10487
775 1.811176 2.109592
776 1.811176 2.111095
777 1.811173 2.114364
778 1.811173 2.100019
779 1.811173 2.108955
780 1.811172 2.112939
781 1.811172 2.12295
782 1.811172 2.126718
783 1.811172 2.105817
784 1.811172 2.130925
785 1.811172 2.111488
786 1.811172 2.116713
787 1.811172 2.112444
788 1.811172 2.097512
789 1.811172 2.127008
790 1.811172 2.108015
791 1.811172 2.09941
792 1.811172 2.108402
793 1.811171 2.106351
794 1.811171 2.114665
795 1.811171 2.112529
796 1.81117 2.110598
797 1.81117 2.115441
798 1.81117 2.096831
799 1.811169 2.13169
800 1.811169 2.1087
801 1.811169 2.103102
802 1.811168 2.113572
803 1.811168 2.126445
804 1.811168 2.105959
805 1.811167 2.096498
806 1.811167 2.102345
807 1.811167 2.107048
808 1.811167 2.11942
809 1.811167 2.120904
810 1.811166 2.097055
811 1.811166 2.108215
812 1.811166 2.117634
813 1.811166 2.106229
814 1.811166 2.102211
815 1.811165 2.112628
816 1.811163 2.101564
817 1.811163 2.118461
818 1.811163 2.119563
819 1.811162 2.109853
820 1.811162 2.114118
821 1.811162 2.123287
822 1.811162 2.09076
823 1.811162 2.09119
824 1.811162 2.116455
825 1.811162 2.099177
826 1.811162 2.1033
827 1.811161 2.107989
828 1.811161 2.106137
829 1.811161 2.108522
830 1.811159 2.113379
831 1.811155 2.113206
832 1.811155 2.110752
833 1.811154 2.100827
834 1.811154 2.120403
835 1.811154 2.118613
836 1.811154 2.097661
837 1.811154 2.122865
838 1.811154 2.111441
839 1.811154 2.128819
840 1.811154 2.100738
841 1.811154 2.097852
842 1.811154 2.112214
843 1.811154 2.102111
844 1.811154 2.100482
845 1.811154 2.101262
846 1.811154 2.106668
847 1.811153 2.11704
848 1.811151 2.105989
849 1.811151 2.100148
850 1.811148 2.107366
851 1.811148 2.11963
852 1.811148 2.111947
853 1.811148 2.117373
854 1.811147 2.110529
855 1.811147 2.103389
856 1.811146 2.091471
857 1.811146 2.110758
858 1.811146 2.097914
859 1.811146 2.097608
860 1.811146 2.118138
861 1.811146 2.09943
862 1.811145 2.105035
863 1.811145 2.11368
864 1.811145 2.11107
865 1.811145 2.128408
866 1.811145 2.103041
867 1.811144 2.097206
868 1.811144 2.115505
869 1.811144 2.114484
870 1.811144 2.098351
871 1.811144 2.113286
872 1.811143 2.115222
873 1.811143 2.114564
874 1.811143 2.114765
875 1.811143 2.108603
876 1.811143 2.110435
877 1.811143 2.10221
878 1.811143 2.104948
879 1.811143 2.113833
880 1.811143 2.107587
881 1.811143 2.125873
882 1.811142 2.130312
883 1.811142 2.112264
884 1.811142 2.103352
885 1.811142 2.106847
886 1.811142 2.088757
887 1.811142 2.116346
888 1.811142 2.102025
889 1.811142 2.109121
890 1.811141 2.09567
891 1.811141 2.100427
892 1.811141 2.098048
893 1.811141 2.104823
894 1.811141 2.093753
895 1.811141 2.092461
896 1.811141 2.117881
897 1.811141 2.102379
898 1.811141 2.120093
899 1.811141 2.115823
900 1.811141 2.106773
901 1.811141 2.102822
902 1.811141 2.127506
903 1.81114 2.105808
904 1.81114 2.111429
905 1.81114 2.100468
906 1.81114 2.127264
907 1.81114 2.10746
908 1.81114 2.119303
909 1.811139 2.112733
910 1.811139 2.108853
911 1.811139 2.133959
912 1.811139 2.111223
913 1.811139 2.129067
914 1.811139 2.105709
915 1.811139 2.112516
916 1.811139 2.116671
917 1.811139 2.130669
918 1.811138 2.1041
919 1.811137 2.109733
920 1.811137 2.130681
921 1.811137 2.103288
922 1.811136 2.110373
923 1.811135 2.086319
924 1.811135 2.112579
925 1.811135 2.116855
926 1.811134 2.117148
927 1.811134 2.117469
928 1.811134 2.114769
929 1.811134 2.114995
930 1.811133 2.105591
931 1.811133 2.106542
932 1.811132 2.110164
933 1.811132 2.119612
934 1.811132 2.095912
935 1.811132 2.119915
936 1.811132 2.113383
937 1.811132 2.108314
938 1.81113 2.110419
939 1.81113 2.11551
940 1.81113 2.097743
941 1.81113 2.125029
942 1.81113 2.094407
943 1.81113 2.106058
944 1.81113 2.114713
945 1.81113 2.100201
946 1.81113 2.107835
947 1.811129 2.124455
948 1.811129 2.101228
949 1.811129 2.11446
950 1.811129 2.111229
951 1.811129 2.108216
952 1.811129 2.100378
953 1.811129 2.121631
954 1.811129 2.096726
955 1.811129 2.105964
956 1.811129 2.100657
957 1.811128 2.126753
958 1.811128 2.106424
959 1.811128 2.112215
960 1.811128 2.10416
961 1.811128 2.095949
962 1.811127 2.115798
963 1.811127 2.111248
964 1.811127 2.10271
965 1.811127 2.092877
966 1.811127 2.115498
967 1.811127 2.139545
968 1.811127 2.128809
969 1.811127 2.107524
970 1.811127 2.111158
971 1.811127 2.095164
972 1.811127 2.120461
973 1.811127 2.119994
974 1.811127 2.103593
975 1.811127 2.104151
976 1.811127 2.117162
977 1.811127 2.114526
978 1.811126 2.120544
979 1.811126 2.093091
980 1.811125 2.109376
981 1.811125 2.106823
982 1.811125 2.122762
983 1.811125 2.122821
984 1.811125 2.118749
985 1.811125 2.124957
986 1.811125 2.103951
987 1.811125 2.127916
988 1.811125 2.111707
989 1.811124 2.115141
990 1.811124 2.098109
991 1.811124 2.090647
992 1.811124 2.119184
993 1.811124 2.109635
994 1.811124 2.121908
995 1.811124 2.118756
996 1.811124 2.106841
997 1.811121 2.124869
998 1.811121 2.09939
999 1.811121 2.116911

