StartPoint = (0, 5)
EndPoint = (10, 0)
N Points = 20
Selection = Tournament
Tournament Size = 5
NCrossings = 4
NGenerations = 1000
PopulationSize = 100
MutationProb = 0.1
CrossoverProb = 0.9
MutationType = Random
Elistic = 5


Best Result(mean): 1.811686

0 5.007457 7.928252
1 3.74429 6.010875
2 3.194469 5.591939
3 2.892802 5.498433
4 2.733734 5.517483
5 2.626378 5.451594
6 2.529979 5.438206
7 2.480666 5.424036
8 2.432532 5.325435
9 2.392512 5.120684
10 2.365505 5.219063
11 2.348039 5.171944
12 2.333677 4.977361
13 2.324115 4.96222
14 2.304753 4.886474
15 2.285463 4.922262
16 2.269622 4.873476
17 2.25745 4.830492
18 2.247428 4.810857
19 2.239209 4.687243
20 2.227714 4.707483
21 2.220721 4.679584
22 2.213799 4.655246
23 2.207505 4.643162
24 2.202589 4.654871
25 2.197497 4.587288
26 2.187997 4.520044
27 2.180413 4.571087
28 2.175404 4.456747
29 2.170114 4.431038
30 2.163656 4.324343
31 2.156743 4.366393
32 2.154072 4.294085
33 2.149536 4.335594
34 2.144463 4.195268
35 2.138505 4.149318
36 2.133132 4.232488
37 2.12819 4.165471
38 2.124363 4.21488
39 2.121198 4.142209
40 2.117906 4.133734
41 2.114016 4.050161
42 2.11166 4.078991
43 2.108886 4.130839
44 2.106049 4.01549
45 2.101332 4.004954
46 2.098444 4.031803
47 2.096246 3.961438
48 2.091702 3.973956
49 2.089153 3.973836
50 2.0874 3.985076
51 2.084366 3.942059
52 2.081397 3.940547
53 2.078011 3.899768
54 2.074405 3.869778
55 2.072114 3.758007
56 2.070003 3.812322
57 2.064814 3.833085
58 2.063202 3.849576
59 2.059832 3.803621
60 2.05588 3.800026
61 2.052242 3.721915
62 2.04939 3.661618
63 2.046869 3.617857
64 2.044966 3.628509
65 2.042063 3.633914
66 2.03924 3.574878
67 2.034367 3.533076
68 2.028322 3.521591
69 2.022277 3.310499
70 2.018827 3.281106
71 2.015405 3.328643
72 2.011705 3.303718
73 2.010007 3.297879
74 2.004782 3.271452
75 2.001766 3.290865
76 1.997229 3.247336
77 1.992458 3.20014
78 1.986737 3.184607
79 1.983662 3.199983
80 1.981671 3.204871
81 1.979543 3.122836
82 1.975216 3.128387
83 1.970134 3.161121
84 1.967042 3.166919
85 1.965628 3.129785
86 1.96117 3.158975
87 1.959159 3.109354
88 1.957251 3.140039
89 1.955611 3.101994
90 1.951562 3.093266
91 1.947639 3.014922
92 1.94679 3.027843
93 1.945113 3.049287
94 1.942055 2.983531
95 1.939774 2.999507
96 1.938113 2.969109
97 1.937222 3.007515
98 1.934944 2.968144
99 1.93206 2.984943
100 1.927642 2.956543
101 1.922764 2.95647
102 1.921308 2.882228
103 1.919881 2.89166
104 1.918943 2.902193
105 1.918231 2.860327
106 1.917423 2.890342
107 1.915949 2.854973
108 1.913082 2.875905
109 1.912066 2.891843
110 1.911026 2.865501
111 1.909159 2.820516
112 1.907823 2.859951
113 1.907335 2.892203
114 1.905191 2.819428
115 1.903273 2.837228
116 1.901676 2.820034
117 1.899818 2.845464
118 1.899391 2.811302
119 1.897902 2.817786
120 1.89667 2.830959
121 1.895729 2.861496
122 1.894018 2.816087
123 1.892912 2.828295
124 1.891408 2.857085
125 1.890685 2.787055
126 1.890409 2.786488
127 1.889493 2.813802
128 1.887368 2.780463
129 1.886322 2.836291
130 1.885687 2.803235
131 1.884761 2.828706
132 1.883831 2.7593
133 1.883404 2.788489
134 1.881305 2.781158
135 1.880899 2.788303
136 1.879786 2.788319
137 1.879041 2.770782
138 1.878381 2.766734
139 1.878181 2.772735
140 1.877824 2.784034
141 1.876913 2.805934
142 1.875668 2.77436
143 1.873788 2.753264
144 1.87323 2.764215
145 1.872889 2.727376
146 1.872526 2.764741
147 1.872016 2.746196
148 1.87153 2.751484
149 1.871088 2.764471
150 1.870804 2.741109
151 1.870196 2.723574
152 1.869901 2.732523
153 1.868807 2.725656
154 1.868641 2.744105
155 1.868229 2.747359
156 1.866605 2.78361
157 1.865473 2.706178
158 1.865107 2.703389
159 1.86316 2.685413
160 1.862346 2.715468
161 1.861763 2.703948
162 1.861359 2.686997
163 1.859117 2.678264
164 1.858411 2.679822
165 1.857628 2.701202
166 1.857228 2.650329
167 1.856199 2.644788
168 1.855755 2.665653
169 1.855398 2.706498
170 1.855117 2.659181
171 1.854842 2.66519
172 1.854354 2.675121
173 1.853976 2.672353
174 1.853749 2.657724
175 1.853592 2.638446
176 1.852352 2.69305
177 1.851796 2.688068
178 1.851395 2.686516
179 1.851141 2.679583
180 1.850825 2.656414
181 1.850373 2.662311
182 1.850001 2.666468
183 1.849526 2.660906
184 1.849177 2.658272
185 1.848667 2.644881
186 1.847912 2.669962
187 1.847093 2.635037
188 1.846761 2.642121
189 1.846249 2.655092
190 1.845726 2.647162
191 1.845194 2.65136
192 1.844723 2.631391
193 1.844316 2.653523
194 1.843717 2.660374
195 1.843572 2.638208
196 1.8432 2.654623
197 1.84267 2.642021
198 1.842466 2.637295
199 1.842214 2.629199
200 1.841801 2.660841
201 1.841321 2.62065
202 1.841202 2.629468
203 1.840065 2.648847
204 1.839848 2.623031
205 1.83975 2.635656
206 1.839677 2.62392
207 1.839554 2.613746
208 1.839386 2.628993
209 1.839255 2.623443
210 1.839168 2.614086
211 1.839124 2.624074
212 1.83879 2.65011
213 1.838653 2.628202
214 1.838334 2.607868
215 1.838059 2.637675
216 1.837561 2.625349
217 1.837426 2.672272
218 1.837114 2.584742
219 1.836449 2.627683
220 1.836402 2.645913
221 1.836348 2.614048
222 1.836193 2.635078
223 1.836056 2.635858
224 1.836019 2.628808
225 1.835741 2.615653
226 1.835717 2.602454
227 1.835542 2.633812
228 1.835361 2.624608
229 1.83502 2.63102
230 1.834561 2.628359
231 1.834353 2.640059
232 1.834278 2.611042
233 1.834138 2.631433
234 1.834035 2.624011
235 1.833953 2.651547
236 1.833889 2.630167
237 1.833729 2.604759
238 1.833617 2.595433
239 1.833363 2.645494
240 1.833264 2.602957
241 1.833151 2.635501
242 1.832961 2.589103
243 1.832547 2.621555
244 1.832449 2.624238
245 1.832273 2.61561
246 1.831405 2.622426
247 1.830664 2.599469
248 1.830439 2.577363
249 1.830381 2.577923
250 1.830216 2.562337
251 1.830144 2.571908
252 1.829656 2.573534
253 1.829586 2.578976
254 1.829291 2.560466
255 1.828689 2.584824
256 1.828639 2.604313
257 1.828566 2.575121
258 1.82856 2.582493
259 1.828417 2.557346
260 1.828183 2.611584
261 1.827831 2.532017
262 1.827808 2.605462
263 1.827762 2.553236
264 1.827402 2.560539
265 1.827229 2.586906
266 1.827023 2.56364
267 1.826907 2.576047
268 1.826843 2.582627
269 1.826324 2.58879
270 1.82631 2.5546
271 1.826087 2.569495
272 1.826053 2.562791
273 1.825961 2.562247
274 1.825765 2.576214
275 1.825471 2.570061
276 1.824912 2.594771
277 1.824833 2.54304
278 1.824343 2.576378
279 1.82431 2.546479
280 1.824125 2.575887
281 1.824076 2.580315
282 1.824071 2.584422
283 1.82374 2.56395
284 1.823673 2.586262
285 1.823639 2.57798
286 1.823188 2.546434
287 1.823158 2.584844
288 1.823063 2.570706
289 1.822946 2.542832
290 1.822725 2.564442
291 1.822714 2.554947
292 1.822688 2.567665
293 1.822295 2.562992
294 1.822247 2.548022
295 1.822204 2.553199
296 1.822201 2.550317
297 1.821941 2.548968
298 1.821896 2.570086
299 1.82186 2.543169
300 1.821795 2.542246
301 1.821577 2.530767
302 1.820933 2.529441
303 1.820922 2.549528
304 1.820532 2.555339
305 1.820415 2.539011
306 1.820354 2.569884
307 1.820168 2.5682
308 1.820067 2.541241
309 1.819914 2.586092
310 1.819889 2.54918
311 1.819783 2.557032
312 1.819723 2.559317
313 1.819715 2.551389
314 1.819696 2.546757
315 1.819589 2.559875
316 1.819575 2.537006
317 1.81949 2.551784
318 1.819415 2.532433
319 1.819349 2.554128
320 1.819267 2.561164
321 1.819267 2.555183
322 1.81925 2.551283
323 1.819153 2.550134
324 1.819151 2.545856
325 1.819121 2.544141
326 1.818974 2.563027
327 1.818937 2.568061
328 1.818861 2.531344
329 1.818855 2.546037
330 1.818839 2.547626
331 1.818764 2.553252
332 1.818583 2.535692
333 1.818562 2.533509
334 1.81836 2.514286
335 1.818316 2.551217
336 1.818302 2.568868
337 1.818244 2.553948
338 1.818221 2.558891
339 1.818193 2.521833
340 1.818183 2.566108
341 1.818139 2.532178
342 1.818134 2.547473
343 1.818123 2.54128
344 1.818121 2.556271
345 1.818113 2.551454
346 1.818081 2.550539
347 1.818054 2.541257
348 1.818042 2.537353
349 1.818009 2.560032
350 1.81796 2.527034
351 1.817911 2.543879
352 1.817898 2.549661
353 1.81783 2.545074
354 1.817749 2.557336
355 1.817606 2.537002
356 1.817488 2.520154
357 1.817295 2.551393
358 1.817176 2.504848
359 1.817152 2.54065
360 1.81691 2.53723
361 1.816886 2.553334
362 1.81681 2.533814
363 1.816594 2.537701
364 1.816548 2.535566
365 1.816537 2.538741
366 1.816471 2.528895
367 1.816459 2.527027
368 1.816287 2.551164
369 1.815939 2.540345
370 1.815908 2.538308
371 1.8159 2.536111
372 1.815846 2.553241
373 1.815833 2.558421
374 1.815796 2.525762
375 1.815763 2.534563
376 1.815669 2.533429
377 1.815653 2.531569
378 1.815624 2.562178
379 1.815574 2.510013
380 1.815559 2.521576
381 1.815545 2.54683
382 1.81544 2.525958
383 1.815195 2.541794
384 1.815193 2.555444
385 1.815179 2.538275
386 1.815177 2.547054
387 1.815152 2.517206
388 1.815115 2.539985
389 1.815086 2.529834
390 1.815085 2.551321
391 1.815069 2.523456
392 1.815065 2.518605
393 1.815054 2.538931
394 1.81505 2.548205
395 1.815037 2.55911
396 1.815036 2.53694
397 1.815016 2.537061
398 1.815008 2.554906
399 1.814932 2.513393
400 1.814888 2.547082
401 1.81482 2.538659
402 1.814816 2.547633
403 1.814794 2.534476
404 1.814748 2.551102
405 1.814745 2.545877
406 1.814717 2.550683
407 1.814711 2.518641
408 1.81469 2.535501
409 1.814652 2.529741
410 1.814628 2.53344
411 1.814611 2.525491
412 1.814583 2.540025
413 1.814565 2.546115
414 1.814558 2.533211
415 1.814489 2.538448
416 1.814484 2.499897
417 1.814443 2.546111
418 1.81444 2.524729
419 1.814423 2.529263
420 1.814411 2.538032
421 1.814411 2.545703
422 1.814362 2.546004
423 1.814361 2.549554
424 1.814358 2.530875
425 1.814347 2.528853
426 1.814332 2.517824
427 1.814325 2.524849
428 1.814285 2.543565
429 1.81427 2.534406
430 1.814259 2.51555
431 1.814233 2.534244
432 1.814221 2.54755
433 1.814219 2.564764
434 1.814192 2.535758
435 1.814192 2.537446
436 1.814173 2.51759
437 1.814163 2.543974
438 1.814143 2.517168
439 1.814125 2.5574
440 1.814125 2.536316
441 1.814058 2.527643
442 1.814053 2.547397
443 1.814053 2.524397
444 1.814016 2.512259
445 1.814016 2.543744
446 1.814003 2.529639
447 1.813965 2.53722
448 1.813965 2.514775
449 1.813961 2.544328
450 1.813954 2.525954
451 1.813941 2.54427
452 1.813914 2.545378
453 1.813892 2.530695
454 1.813825 2.525422
455 1.813805 2.549598
456 1.813804 2.51785
457 1.813804 2.541092
458 1.813792 2.516281
459 1.81378 2.515298
460 1.813776 2.52236
461 1.81376 2.553877
462 1.813751 2.536331
463 1.813736 2.546832
464 1.813718 2.53846
465 1.8137 2.535648
466 1.8137 2.548068
467 1.813688 2.526051
468 1.813685 2.533863
469 1.813678 2.523975
470 1.81367 2.540895
471 1.813659 2.530051
472 1.813637 2.533294
473 1.813634 2.544986
474 1.813631 2.532729
475 1.813631 2.539879
476 1.81358 2.530125
477 1.813579 2.515115
478 1.813567 2.539038
479 1.813567 2.542557
480 1.813565 2.545776
481 1.813548 2.536504
482 1.813541 2.549172
483 1.813539 2.534558
484 1.813539 2.528729
485 1.813537 2.530625
486 1.81353 2.528362
487 1.8135 2.533712
488 1.813467 2.515492
489 1.813463 2.551491
490 1.813445 2.527494
491 1.813427 2.522187
492 1.813427 2.527249
493 1.813424 2.54273
494 1.813416 2.520314
495 1.813398 2.508814
496 1.813387 2.520061
497 1.813377 2.551621
498 1.81337 2.550342
499 1.813367 2.544352
500 1.813358 2.52679
501 1.81335 2.536246
502 1.813349 2.518122
503 1.813346 2.54554
504 1.813344 2.55197
505 1.813334 2.53106
506 1.813333 2.538952
507 1.813305 2.533251
508 1.813305 2.511619
509 1.813266 2.530518
510 1.813263 2.548814
511 1.813241 2.545084
512 1.81324 2.544005
513 1.813236 2.52859
514 1.813232 2.560932
515 1.813232 2.538135
516 1.813204 2.538939
517 1.813193 2.544491
518 1.813188 2.520199
519 1.813187 2.55803
520 1.813186 2.51953
521 1.813175 2.530768
522 1.813138 2.51117
523 1.813137 2.542344
524 1.813121 2.538806
525 1.81312 2.528514
526 1.813116 2.53158
527 1.813114 2.523855
528 1.81311 2.558049
529 1.813105 2.552066
530 1.813093 2.540317
531 1.813082 2.512922
532 1.813064 2.548793
533 1.813052 2.536758
534 1.813049 2.55463
535 1.813044 2.543992
536 1.813037 2.537803
537 1.813018 2.524191
538 1.813012 2.525032
539 1.813012 2.54979
540 1.812995 2.531179
541 1.812992 2.532897
542 1.812985 2.519106
543 1.81298 2.541134
544 1.812973 2.522253
545 1.812971 2.541192
546 1.812964 2.533568
547 1.812963 2.536636
548 1.812958 2.526517
549 1.812942 2.522021
550 1.81294 2.552381
551 1.812927 2.530606
552 1.81292 2.511127
553 1.812914 2.544802
554 1.81291 2.537149
555 1.812904 2.544311
556 1.8129 2.553688
557 1.812897 2.538421
558 1.812894 2.545852
559 1.812894 2.509579
560 1.812894 2.53126
561 1.812882 2.532985
562 1.812882 2.544031
563 1.812882 2.508278
564 1.812878 2.525901
565 1.812873 2.54486
566 1.81287 2.537715
567 1.812856 2.539605
568 1.812856 2.529541
569 1.812856 2.538924
570 1.812856 2.554412
571 1.812855 2.518595
572 1.812852 2.523372
573 1.812852 2.526383
574 1.812837 2.518663
575 1.812799 2.53286
576 1.812791 2.520943
577 1.812782 2.546528
578 1.812778 2.539799
579 1.812775 2.553196
580 1.812769 2.544686
581 1.812762 2.518463
582 1.812762 2.521228
583 1.812762 2.539602
584 1.81276 2.542266
585 1.812757 2.528317
586 1.812755 2.541573
587 1.812721 2.562415
588 1.812712 2.518251
589 1.81271 2.525826
590 1.812704 2.516834
591 1.812704 2.534179
592 1.812704 2.552704
593 1.812702 2.509064
594 1.812698 2.513294
595 1.81263 2.533745
596 1.812629 2.535968
597 1.812629 2.531654
598 1.812628 2.540527
599 1.812622 2.539605
600 1.812615 2.546744
601 1.812615 2.524387
602 1.812615 2.560911
603 1.812606 2.520665
604 1.812601 2.541561
605 1.812601 2.493916
606 1.812599 2.531826
607 1.812595 2.510546
608 1.812593 2.534046
609 1.812587 2.52138
610 1.812586 2.549805
611 1.812578 2.519382
612 1.812577 2.529645
613 1.812574 2.525103
614 1.812574 2.543546
615 1.812572 2.537498
616 1.812561 2.525216
617 1.812552 2.573643
618 1.812552 2.539491
619 1.81255 2.545716
620 1.81255 2.546901
621 1.812526 2.537974
622 1.812526 2.54006
623 1.812517 2.539336
624 1.812515 2.536671
625 1.812514 2.553617
626 1.81251 2.533421
627 1.812509 2.532227
628 1.812489 2.526001
629 1.812488 2.539917
630 1.812488 2.516261
631 1.812485 2.520625
632 1.812485 2.527894
633 1.812482 2.540212
634 1.812473 2.517488
635 1.812471 2.516664
636 1.812469 2.520021
637 1.812464 2.533607
638 1.812463 2.513159
639 1.812462 2.528211
640 1.812462 2.552134
641 1.812462 2.540684
642 1.812458 2.553607
643 1.812458 2.526871
644 1.81245 2.557845
645 1.81245 2.550998
646 1.812446 2.524108
647 1.812445 2.515614
648 1.812443 2.523591
649 1.812437 2.531665
650 1.812433 2.519746
651 1.812431 2.515966
652 1.812428 2.537262
653 1.812424 2.528063
654 1.812422 2.53194
655 1.812422 2.518677
656 1.81242 2.525158
657 1.81242 2.536475
658 1.812419 2.551128
659 1.812414 2.571759
660 1.812414 2.53759
661 1.81238 2.521009
662 1.81238 2.538964
663 1.81238 2.546855
664 1.812375 2.533739
665 1.812373 2.533763
666 1.812373 2.546872
667 1.812373 2.554709
668 1.812373 2.537209
669 1.812366 2.525375
670 1.812366 2.519647
671 1.812361 2.527075
672 1.812347 2.511144
673 1.812347 2.531604
674 1.812347 2.555007
675 1.812347 2.537494
676 1.812347 2.515417
677 1.812343 2.54592
678 1.812342 2.519634
679 1.812333 2.512489
680 1.812333 2.52372
681 1.812333 2.561307
682 1.812332 2.528627
683 1.812329 2.509655
684 1.812327 2.537721
685 1.812325 2.551617
686 1.812317 2.533535
687 1.812307 2.53122
688 1.812303 2.521112
689 1.812299 2.534186
690 1.812294 2.518045
691 1.812271 2.557167
692 1.812269 2.536927
693 1.812269 2.524009
694 1.812269 2.539281
695 1.812267 2.507855
696 1.812256 2.529974
697 1.812251 2.528371
698 1.812251 2.524091
699 1.812251 2.516495
700 1.81225 2.519463
701 1.81225 2.520267
702 1.81225 2.539503
703 1.81225 2.498477
704 1.812248 2.539119
705 1.812244 2.524596
706 1.81224 2.528744
707 1.812237 2.532623
708 1.812232 2.547477
709 1.812232 2.575802
710 1.812232 2.530025
711 1.812226 2.532032
712 1.812226 2.55583
713 1.812226 2.544713
714 1.812225 2.512963
715 1.812218 2.524513
716 1.812218 2.530176
717 1.812208 2.526223
718 1.812208 2.518968
719 1.812204 2.519289
720 1.812203 2.528226
721 1.812202 2.534763
722 1.812201 2.52899
723 1.812201 2.546333
724 1.812188 2.543305
725 1.812188 2.537838
726 1.812185 2.527537
727 1.812184 2.530915
728 1.812183 2.527182
729 1.812183 2.539075
730 1.812181 2.522804
731 1.81218 2.516319
732 1.812177 2.522823
733 1.812177 2.527093
734 1.812176 2.53331
735 1.812174 2.544137
736 1.812174 2.555998
737 1.81217 2.517338
738 1.81217 2.532806
739 1.812168 2.541479
740 1.812162 2.536561
741 1.812161 2.551011
742 1.81216 2.511333
743 1.812159 2.538053
744 1.812159 2.546905
745 1.812153 2.503971
746 1.812151 2.530431
747 1.812147 2.518153
748 1.812135 2.511368
749 1.812135 2.552208
750 1.812134 2.527054
751 1.812133 2.542764
752 1.81213 2.515998
753 1.812114 2.540415
754 1.812113 2.505931
755 1.812111 2.528872
756 1.812111 2.517836
757 1.812111 2.534461
758 1.812109 2.521823
759 1.812107 2.539354
760 1.812107 2.549806
761 1.812107 2.540129
762 1.812107 2.550683
763 1.812106 2.512043
764 1.812106 2.540339
765 1.812105 2.555247
766 1.812104 2.539059
767 1.8121 2.530295
768 1.812099 2.533738
769 1.812098 2.507324
770 1.812094 2.508983
771 1.812091 2.565981
772 1.812091 2.542598
773 1.812091 2.537594
774 1.812086 2.521569
775 1.812082 2.519834
776 1.812079 2.522403
777 1.812075 2.524993
778 1.812074 2.535
779 1.812067 2.531959
780 1.812066 2.53688
781 1.812066 2.538473
782 1.812066 2.537938
783 1.812066 2.533604
784 1.812061 2.515427
785 1.81206 2.535089
786 1.812059 2.51815
787 1.812058 2.548946
788 1.812056 2.522297
789 1.812056 2.533787
790 1.812056 2.526491
791 1.812056 2.546812
792 1.812056 2.557704
793 1.812055 2.537856
794 1.812055 2.508337
795 1.812054 2.522371
796 1.812054 2.540465
797 1.812054 2.549755
798 1.812049 2.536961
799 1.812046 2.537246
800 1.812045 2.514987
801 1.812044 2.518195
802 1.812044 2.525981
803 1.812044 2.526614
804 1.812043 2.5657
805 1.812042 2.535168
806 1.812042 2.550571
807 1.812042 2.543932
808 1.812042 2.538571
809 1.812042 2.530125
810 1.812037 2.558585
811 1.812037 2.529702
812 1.812037 2.559112
813 1.812035 2.550603
814 1.812035 2.539351
815 1.812034 2.544456
816 1.812034 2.543777
817 1.812034 2.540974
818 1.812033 2.51594
819 1.812033 2.537316
820 1.812032 2.530732
821 1.81203 2.516887
822 1.812027 2.518392
823 1.812022 2.541888
824 1.812022 2.523697
825 1.812021 2.525718
826 1.812021 2.533896
827 1.81202 2.518128
828 1.81202 2.519014
829 1.81202 2.52995
830 1.812018 2.558739
831 1.812015 2.561408
832 1.812014 2.519905
833 1.812014 2.521749
834 1.812009 2.537771
835 1.812007 2.53966
836 1.812005 2.526491
837 1.812005 2.553256
838 1.812001 2.502635
839 1.812001 2.531892
840 1.812001 2.532306
841 1.811992 2.511836
842 1.811992 2.546018
843 1.811991 2.525685
844 1.811988 2.531816
845 1.811987 2.524655
846 1.811985 2.545634
847 1.811984 2.523244
848 1.81198 2.536034
849 1.811979 2.530011
850 1.811979 2.549922
851 1.811974 2.545232
852 1.811974 2.532801
853 1.811974 2.562545
854 1.811974 2.527155
855 1.811971 2.531188
856 1.811971 2.521774
857 1.811966 2.535642
858 1.811966 2.51822
859 1.811966 2.522999
860 1.811966 2.532096
861 1.811966 2.532937
862 1.811965 2.525484
863 1.811964 2.555467
864 1.811962 2.511959
865 1.811962 2.530385
866 1.811962 2.541369
867 1.81196 2.537653
868 1.811959 2.564189
869 1.811959 2.562607
870 1.811958 2.515756
871 1.811958 2.530755
872 1.811957 2.51194
873 1.811954 2.542122
874 1.811954 2.538859
875 1.81195 2.546885
876 1.811946 2.557448
877 1.811945 2.530592
878 1.811944 2.536185
879 1.811942 2.525747
880 1.811942 2.504418
881 1.81194 2.536078
882 1.81194 2.527801
883 1.81194 2.520449
884 1.811926 2.533703
885 1.811924 2.522077
886 1.811924 2.542282
887 1.811833 2.538586
888 1.811833 2.538813
889 1.81182 2.545481
890 1.81182 2.555956
891 1.81182 2.527221
892 1.811819 2.556573
893 1.811813 2.546092
894 1.811811 2.523654
895 1.811811 2.53057
896 1.811811 2.519816
897 1.811809 2.537766
898 1.811809 2.524171
899 1.811809 2.538379
900 1.811809 2.546436
901 1.811809 2.527248
902 1.811809 2.523816
903 1.811809 2.524964
904 1.811808 2.524981
905 1.811799 2.542508
906 1.811799 2.524425
907 1.811799 2.55254
908 1.811799 2.538653
909 1.811799 2.524115
910 1.811795 2.522798
911 1.811795 2.53168
912 1.811794 2.53227
913 1.811793 2.542829
914 1.811793 2.527767
915 1.811792 2.557032
916 1.811792 2.540033
917 1.81179 2.536631
918 1.81179 2.520755
919 1.81179 2.51843
920 1.811785 2.517383
921 1.811785 2.503521
922 1.811778 2.532528
923 1.811777 2.524218
924 1.811777 2.537295
925 1.811777 2.515266
926 1.811776 2.54312
927 1.811775 2.550248
928 1.811775 2.5149
929 1.811772 2.534796
930 1.811772 2.531331
931 1.811772 2.53577
932 1.811768 2.550029
933 1.811768 2.550065
934 1.811768 2.530077
935 1.811768 2.535832
936 1.811767 2.535877
937 1.811766 2.543117
938 1.811763 2.524073
939 1.811762 2.541017
940 1.811762 2.549258
941 1.811762 2.536001
942 1.811762 2.533288
943 1.811762 2.539794
944 1.811761 2.536198
945 1.811759 2.538373
946 1.811756 2.534806
947 1.811756 2.545451
948 1.811753 2.522679
949 1.81175 2.532889
950 1.81175 2.544924
951 1.811747 2.520418
952 1.811746 2.528421
953 1.811746 2.535393
954 1.811746 2.529972
955 1.811741 2.537241
956 1.811741 2.546874
957 1.811741 2.523177
958 1.811736 2.526876
959 1.811736 2.527291
960 1.811736 2.529771
961 1.811736 2.514341
962 1.811733 2.543367
963 1.811733 2.521825
964 1.811733 2.517882
965 1.811733 2.532642
966 1.811733 2.513572
967 1.811733 2.53599
968 1.811725 2.525459
969 1.811725 2.519038
970 1.811723 2.523775
971 1.811723 2.542729
972 1.811723 2.541557
973 1.811723 2.532883
974 1.81172 2.526148
975 1.811719 2.531389
976 1.811718 2.550166
977 1.81171 2.525371
978 1.81171 2.545227
979 1.81171 2.541041
980 1.81171 2.539268
981 1.811707 2.55325
982 1.811707 2.528633
983 1.811707 2.538754
984 1.811707 2.521615
985 1.811705 2.52646
986 1.811704 2.524787
987 1.811703 2.530845
988 1.811702 2.52837
989 1.811696 2.524598
990 1.811696 2.529495
991 1.811695 2.527599
992 1.81169 2.548026
993 1.811689 2.50649
994 1.811689 2.564742
995 1.811689 2.539489
996 1.811689 2.511562
997 1.811688 2.541632
998 1.811686 2.525324
999 1.811686 2.536585

