StartPoint = (0, 5)
EndPoint = (10, 0)
N Points = 20
Selection = Tournament
Tournament Size = 40
NCrossings = 6
NGenerations = 1000
PopulationSize = 100
MutationProb = 0.5
CrossoverProb = 0.2
MutationType = Gaussian
Elistic = 30


Best Result(mean): 1.944758

0 4.780746 7.940895
1 3.655122 6.253376
2 3.097748 5.214547
3 2.765536 5.003109
4 2.565617 5.00034
5 2.4701 5.066579
6 2.41356 5.090049
7 2.388106 5.107268
8 2.367748 5.071891
9 2.350626 5.03048
10 2.332331 5.022425
11 2.320503 5.187595
12 2.315565 5.035833
13 2.306128 5.053362
14 2.302266 5.046235
15 2.294521 5.036041
16 2.289212 5.103244
17 2.286788 4.957604
18 2.281228 4.861232
19 2.276111 4.915634
20 2.273519 4.838342
21 2.271638 4.71774
22 2.26864 4.792817
23 2.265897 4.67735
24 2.26421 4.754499
25 2.260911 4.711417
26 2.256122 4.603797
27 2.254457 4.613266
28 2.251538 4.694707
29 2.250741 4.670157
30 2.250288 4.573055
31 2.248118 4.612922
32 2.245568 4.712029
33 2.244603 4.681225
34 2.24391 4.690742
35 2.241094 4.607627
36 2.232052 4.653287
37 2.232052 4.643416
38 2.232052 4.554994
39 2.230362 4.660975
40 2.229777 4.55258
41 2.225622 4.592746
42 2.220932 4.612567
43 2.219596 4.468803
44 2.216333 4.513871
45 2.215869 4.599153
46 2.215533 4.582481
47 2.215216 4.546981
48 2.214757 4.454555
49 2.214191 4.531157
50 2.213283 4.47197
51 2.211059 4.434792
52 2.211059 4.421567
53 2.211059 4.382038
54 2.210393 4.349244
55 2.207209 4.402959
56 2.207209 4.458983
57 2.207209 4.403358
58 2.205746 4.438293
59 2.205738 4.381505
60 2.205472 4.444259
61 2.205376 4.399593
62 2.205376 4.39143
63 2.202787 4.386372
64 2.199136 4.212976
65 2.197826 4.262791
66 2.197826 4.255202
67 2.195526 4.278064
68 2.195526 4.187345
69 2.195526 4.188107
70 2.194052 4.245248
71 2.191083 4.264961
72 2.190533 4.16469
73 2.190533 4.200965
74 2.188404 4.112206
75 2.186725 4.149145
76 2.18511 4.195077
77 2.18511 4.216965
78 2.183779 4.159303
79 2.182047 4.157639
80 2.18111 4.183964
81 2.17921 4.150111
82 2.17921 4.187497
83 2.17921 4.043363
84 2.17921 4.117654
85 2.17921 4.202725
86 2.17921 4.247733
87 2.177795 4.183506
88 2.177795 4.10712
89 2.175397 4.132431
90 2.175397 4.177763
91 2.172546 4.167252
92 2.172546 4.15483
93 2.171091 4.138312
94 2.168965 4.085979
95 2.168433 4.127876
96 2.168433 4.015645
97 2.168433 4.057519
98 2.168022 4.062913
99 2.168022 4.120059
100 2.168022 4.150445
101 2.168022 4.109869
102 2.168022 4.169415
103 2.167765 4.069446
104 2.166766 4.124794
105 2.166766 4.041842
106 2.166766 4.074957
107 2.165602 4.078513
108 2.163874 4.109313
109 2.162999 4.023468
110 2.160647 4.028465
111 2.160647 4.056061
112 2.160647 3.989919
113 2.160647 4.147503
114 2.160416 3.934623
115 2.160416 4.155372
116 2.158777 4.10525
117 2.158777 4.078838
118 2.158777 4.035522
119 2.157528 4.05165
120 2.157528 4.091211
121 2.156719 4.013995
122 2.155931 4.005688
123 2.155931 3.976257
124 2.155793 4.020878
125 2.155793 3.932599
126 2.155793 3.961654
127 2.155097 3.978799
128 2.153915 3.948062
129 2.153915 4.016012
130 2.149865 3.985381
131 2.141864 3.97742
132 2.141864 3.890177
133 2.137606 3.896534
134 2.135642 3.895545
135 2.135642 3.914806
136 2.135292 3.891188
137 2.135292 3.867837
138 2.13291 3.878686
139 2.13291 3.888114
140 2.13291 3.943739
141 2.13291 3.792588
142 2.129716 3.869359
143 2.125985 3.86062
144 2.125173 3.817235
145 2.125173 3.906872
146 2.125173 3.811673
147 2.12315 3.861953
148 2.12315 3.81689
149 2.12315 3.850257
150 2.12199 3.8536
151 2.12199 3.708136
152 2.114776 3.804679
153 2.114776 3.76333
154 2.114776 3.717386
155 2.114776 3.802385
156 2.114776 3.743165
157 2.114776 3.791819
158 2.113315 3.807456
159 2.110821 3.745961
160 2.110821 3.792273
161 2.110821 3.815423
162 2.110821 3.728215
163 2.109341 3.665477
164 2.109262 3.728367
165 2.109262 3.715663
166 2.108846 3.80047
167 2.108846 3.753313
168 2.108846 3.76545
169 2.108846 3.697261
170 2.108846 3.69037
171 2.108846 3.708079
172 2.108846 3.669122
173 2.107975 3.793899
174 2.107975 3.750623
175 2.107542 3.624211
176 2.10654 3.666129
177 2.10654 3.652342
178 2.10654 3.666005
179 2.10654 3.675645
180 2.10654 3.696134
181 2.10654 3.674925
182 2.105599 3.609549
183 2.105599 3.647002
184 2.105599 3.662462
185 2.105599 3.670272
186 2.105599 3.649785
187 2.105599 3.713579
188 2.105378 3.631104
189 2.105378 3.648705
190 2.105378 3.642665
191 2.103324 3.617255
192 2.103324 3.735061
193 2.101296 3.681422
194 2.101296 3.645817
195 2.101159 3.659153
196 2.101159 3.618109
197 2.098134 3.652187
198 2.098134 3.618304
199 2.098134 3.627792
200 2.098134 3.645278
201 2.098134 3.596345
202 2.098134 3.621797
203 2.092315 3.591688
204 2.092315 3.646996
205 2.092315 3.636855
206 2.092315 3.631153
207 2.092315 3.601072
208 2.092315 3.653481
209 2.092315 3.611552
210 2.092315 3.649232
211 2.092315 3.684268
212 2.092315 3.636794
213 2.092315 3.546937
214 2.08975 3.594826
215 2.08975 3.589178
216 2.08975 3.56192
217 2.08975 3.570379
218 2.08975 3.60683
219 2.08975 3.635195
220 2.08975 3.61
221 2.08975 3.557674
222 2.08975 3.595711
223 2.088249 3.61363
224 2.088249 3.621748
225 2.088249 3.594163
226 2.088249 3.58273
227 2.088249 3.611524
228 2.084539 3.596222
229 2.084539 3.624121
230 2.084539 3.552264
231 2.084062 3.593735
232 2.083783 3.589283
233 2.083783 3.551322
234 2.083783 3.531835
235 2.083783 3.610308
236 2.083783 3.540795
237 2.08096 3.596587
238 2.08096 3.557546
239 2.08096 3.581694
240 2.079469 3.481483
241 2.079469 3.602089
242 2.079469 3.563779
243 2.077699 3.501415
244 2.077699 3.55408
245 2.077699 3.53171
246 2.075689 3.522217
247 2.075689 3.579805
248 2.075689 3.53739
249 2.075689 3.679586
250 2.074664 3.483916
251 2.074664 3.606452
252 2.074304 3.535702
253 2.074181 3.465313
254 2.07262 3.516298
255 2.07262 3.451477
256 2.07262 3.538422
257 2.07262 3.513686
258 2.07262 3.542597
259 2.07262 3.508955
260 2.07262 3.56361
261 2.07262 3.471499
262 2.07262 3.476812
263 2.07262 3.52479
264 2.07262 3.494388
265 2.07262 3.566833
266 2.07262 3.511323
267 2.07262 3.502678
268 2.07262 3.533065
269 2.071429 3.507039
270 2.071429 3.540331
271 2.071429 3.502382
272 2.071429 3.463897
273 2.071429 3.478322
274 2.071429 3.488322
275 2.071203 3.533239
276 2.071203 3.529289
277 2.071203 3.474041
278 2.071203 3.451473
279 2.071203 3.510092
280 2.071203 3.486684
281 2.069322 3.520458
282 2.069322 3.49545
283 2.067333 3.510206
284 2.061569 3.556429
285 2.061569 3.490011
286 2.061569 3.46573
287 2.061569 3.491309
288 2.06033 3.543212
289 2.06033 3.502771
290 2.06033 3.48787
291 2.06033 3.482636
292 2.06033 3.494661
293 2.06033 3.500457
294 2.06033 3.479465
295 2.06033 3.515817
296 2.06033 3.423537
297 2.06033 3.482774
298 2.06033 3.471246
299 2.056931 3.390088
300 2.056436 3.424665
301 2.056436 3.489376
302 2.056436 3.481947
303 2.056436 3.507673
304 2.056436 3.484718
305 2.056436 3.541623
306 2.056436 3.4946
307 2.056436 3.474676
308 2.056436 3.541308
309 2.056436 3.491394
310 2.056436 3.396231
311 2.056236 3.530797
312 2.055952 3.504136
313 2.055952 3.52564
314 2.055952 3.507167
315 2.055048 3.4797
316 2.050317 3.455083
317 2.050317 3.426608
318 2.047951 3.465858
319 2.047951 3.46288
320 2.047951 3.505677
321 2.047789 3.505348
322 2.044585 3.513999
323 2.043307 3.431244
324 2.040199 3.46577
325 2.040199 3.486805
326 2.03945 3.419592
327 2.03945 3.470609
328 2.03945 3.385972
329 2.03945 3.503879
330 2.03945 3.480552
331 2.03945 3.370014
332 2.03945 3.480867
333 2.038908 3.492644
334 2.038085 3.474561
335 2.038085 3.415801
336 2.038085 3.385062
337 2.038085 3.474916
338 2.037199 3.475963
339 2.037199 3.456538
340 2.035208 3.447762
341 2.035208 3.526311
342 2.035208 3.482975
343 2.034925 3.53353
344 2.034925 3.511906
345 2.0341 3.451963
346 2.031704 3.534061
347 2.031704 3.442677
348 2.031704 3.473635
349 2.031704 3.514289
350 2.031704 3.510707
351 2.031704 3.521189
352 2.031704 3.460702
353 2.031704 3.487398
354 2.031704 3.42133
355 2.031704 3.46903
356 2.030347 3.43206
357 2.030347 3.442699
358 2.030347 3.445622
359 2.030347 3.475764
360 2.030347 3.536643
361 2.030347 3.502686
362 2.030347 3.414238
363 2.030347 3.429036
364 2.030347 3.5091
365 2.030347 3.4738
366 2.029342 3.471876
367 2.029342 3.406004
368 2.029342 3.504486
369 2.029342 3.537129
370 2.029342 3.553174
371 2.029342 3.528318
372 2.029342 3.50252
373 2.029342 3.498066
374 2.029342 3.487089
375 2.029342 3.453764
376 2.028882 3.49655
377 2.028882 3.513972
378 2.028882 3.540855
379 2.028882 3.514888
380 2.028509 3.431306
381 2.028509 3.46696
382 2.028509 3.497091
383 2.028509 3.456158
384 2.025906 3.49544
385 2.025906 3.470206
386 2.025906 3.493275
387 2.025906 3.533377
388 2.025906 3.451247
389 2.025906 3.482483
390 2.025906 3.477346
391 2.024665 3.53469
392 2.024665 3.461879
393 2.024665 3.5298
394 2.022224 3.503283
395 2.022224 3.536397
396 2.021296 3.455091
397 2.021296 3.453516
398 2.021296 3.429748
399 2.020452 3.478038
400 2.020452 3.500443
401 2.020452 3.421355
402 2.020452 3.526062
403 2.020353 3.434337
404 2.020353 3.513264
405 2.020353 3.507749
406 2.020216 3.462407
407 2.020216 3.545111
408 2.020216 3.45825
409 2.020216 3.463215
410 2.020216 3.474448
411 2.020216 3.518548
412 2.020216 3.417879
413 2.020216 3.483056
414 2.020216 3.54777
415 2.020013 3.442881
416 2.020013 3.453479
417 2.020013 3.488208
418 2.020013 3.534009
419 2.020013 3.454854
420 2.018824 3.534623
421 2.018824 3.501071
422 2.018824 3.540998
423 2.018824 3.512199
424 2.018824 3.48366
425 2.018824 3.543237
426 2.018535 3.403556
427 2.016908 3.445255
428 2.016908 3.442458
429 2.016908 3.449577
430 2.015237 3.41447
431 2.015237 3.418309
432 2.014191 3.45307
433 2.012719 3.359918
434 2.012719 3.456907
435 2.012719 3.481133
436 2.012719 3.385334
437 2.012719 3.464528
438 2.012719 3.418224
439 2.012719 3.378176
440 2.012719 3.40797
441 2.012719 3.4181
442 2.012719 3.447767
443 2.012719 3.399558
444 2.012719 3.469549
445 2.012719 3.471653
446 2.012719 3.392728
447 2.012719 3.366229
448 2.012719 3.387317
449 2.012409 3.426167
450 2.012409 3.414639
451 2.012409 3.464601
452 2.012409 3.429597
453 2.011197 3.42652
454 2.011197 3.452052
455 2.011197 3.492366
456 2.008227 3.53215
457 2.005368 3.408767
458 2.005368 3.377828
459 2.005368 3.496886
460 2.005368 3.454072
461 2.005368 3.426503
462 2.005368 3.432262
463 2.005368 3.421267
464 2.005368 3.374409
465 2.005368 3.401076
466 2.005368 3.447001
467 2.005368 3.414108
468 2.005368 3.461287
469 2.005368 3.43607
470 1.999787 3.446906
471 1.999532 3.426373
472 1.999532 3.47885
473 1.999532 3.442336
474 1.999532 3.395123
475 1.999532 3.456602
476 1.999532 3.37907
477 1.999532 3.431529
478 1.999532 3.503207
479 1.999532 3.362885
480 1.999532 3.436655
481 1.999532 3.429302
482 1.999337 3.484556
483 1.999337 3.447127
484 1.998949 3.421437
485 1.998949 3.454212
486 1.998949 3.358754
487 1.998949 3.388746
488 1.995216 3.371418
489 1.995216 3.393209
490 1.995216 3.40416
491 1.995216 3.413641
492 1.995216 3.416421
493 1.994349 3.446322
494 1.994203 3.406116
495 1.994203 3.36389
496 1.992692 3.363633
497 1.992692 3.407068
498 1.992692 3.348162
499 1.992692 3.423805
500 1.992692 3.368679
501 1.992692 3.412519
502 1.992692 3.394429
503 1.992692 3.34466
504 1.992692 3.42984
505 1.992692 3.437994
506 1.991094 3.411462
507 1.991094 3.398672
508 1.990065 3.428747
509 1.990065 3.319762
510 1.990065 3.390978
511 1.990065 3.346898
512 1.990065 3.426119
513 1.990065 3.422815
514 1.990065 3.404956
515 1.990065 3.427168
516 1.990065 3.367375
517 1.990065 3.432972
518 1.990065 3.428563
519 1.990065 3.410493
520 1.989551 3.38699
521 1.989551 3.387812
522 1.989551 3.433128
523 1.989551 3.299203
524 1.989551 3.402769
525 1.989551 3.421619
526 1.989466 3.423945
527 1.989466 3.373083
528 1.989466 3.392657
529 1.989466 3.358176
530 1.989466 3.374929
531 1.989466 3.379653
532 1.987768 3.496033
533 1.987768 3.330819
534 1.987768 3.413217
535 1.987768 3.4049
536 1.987768 3.39571
537 1.987768 3.373632
538 1.987768 3.425483
539 1.987595 3.411694
540 1.987595 3.363991
541 1.987595 3.379286
542 1.987595 3.382488
543 1.987595 3.413867
544 1.987595 3.391029
545 1.987595 3.359289
546 1.986963 3.44695
547 1.986963 3.368759
548 1.986963 3.438173
549 1.986963 3.357759
550 1.986963 3.344866
551 1.984976 3.386715
552 1.984976 3.364979
553 1.984976 3.373116
554 1.984976 3.337491
555 1.984976 3.341772
556 1.984976 3.387733
557 1.984976 3.282797
558 1.984976 3.410589
559 1.984976 3.38341
560 1.984338 3.32081
561 1.984338 3.293783
562 1.984338 3.371242
563 1.984064 3.326394
564 1.983461 3.339103
565 1.983461 3.325256
566 1.983461 3.444578
567 1.983461 3.369731
568 1.983176 3.327011
569 1.983176 3.379398
570 1.983176 3.387091
571 1.983176 3.337597
572 1.983176 3.389188
573 1.983176 3.337888
574 1.983176 3.35169
575 1.983176 3.263556
576 1.983176 3.354713
577 1.983176 3.36436
578 1.983176 3.40722
579 1.983176 3.342511
580 1.983176 3.43618
581 1.982782 3.351951
582 1.982782 3.358662
583 1.982782 3.340454
584 1.982782 3.415933
585 1.982782 3.42113
586 1.982782 3.380901
587 1.982226 3.317267
588 1.982226 3.37363
589 1.982226 3.343554
590 1.982226 3.371229
591 1.982226 3.332669
592 1.982226 3.366739
593 1.982226 3.347366
594 1.982226 3.400705
595 1.982226 3.386089
596 1.977035 3.368639
597 1.977035 3.372749
598 1.977035 3.432678
599 1.977035 3.424922
600 1.977035 3.378242
601 1.976833 3.342614
602 1.976833 3.36382
603 1.976833 3.378513
604 1.976833 3.372818
605 1.976833 3.445002
606 1.976833 3.427262
607 1.976833 3.39598
608 1.976833 3.375147
609 1.976412 3.387743
610 1.976412 3.393103
611 1.976412 3.309956
612 1.976412 3.34844
613 1.976412 3.426818
614 1.976412 3.383568
615 1.976412 3.322025
616 1.9759 3.351626
617 1.9759 3.329796
618 1.9759 3.348459
619 1.9759 3.446823
620 1.9759 3.32649
621 1.9759 3.381761
622 1.975732 3.383394
623 1.975394 3.351852
624 1.975394 3.349204
625 1.975394 3.361876
626 1.975394 3.357023
627 1.975394 3.402351
628 1.975394 3.327169
629 1.975394 3.38201
630 1.975394 3.337311
631 1.975394 3.378866
632 1.975394 3.321073
633 1.973978 3.373789
634 1.973978 3.432983
635 1.973978 3.318847
636 1.973978 3.39351
637 1.973978 3.366578
638 1.973978 3.358152
639 1.973978 3.333646
640 1.973978 3.342672
641 1.973978 3.322629
642 1.973978 3.306838
643 1.973978 3.290392
644 1.973978 3.327538
645 1.973973 3.318402
646 1.973973 3.358166
647 1.973973 3.305587
648 1.973973 3.316359
649 1.973973 3.355222
650 1.973973 3.350607
651 1.973973 3.329555
652 1.973463 3.367962
653 1.973463 3.37213
654 1.973463 3.368096
655 1.973463 3.316056
656 1.973463 3.34251
657 1.973463 3.319562
658 1.973463 3.401583
659 1.973463 3.402761
660 1.973463 3.324395
661 1.973463 3.382531
662 1.973463 3.338765
663 1.973463 3.352428
664 1.973463 3.436301
665 1.968657 3.370891
666 1.968657 3.366533
667 1.968657 3.3549
668 1.968657 3.370531
669 1.968657 3.333114
670 1.968657 3.364131
671 1.968657 3.308803
672 1.968657 3.36308
673 1.968657 3.338256
674 1.968657 3.381843
675 1.968657 3.393132
676 1.967518 3.337122
677 1.967518 3.381627
678 1.967518 3.434692
679 1.967518 3.386138
680 1.966346 3.367402
681 1.966346 3.346567
682 1.966346 3.372674
683 1.966346 3.386171
684 1.966346 3.392573
685 1.966346 3.329264
686 1.966346 3.375671
687 1.966346 3.400265
688 1.966346 3.400071
689 1.966346 3.362417
690 1.966346 3.352032
691 1.966346 3.343318
692 1.966346 3.330086
693 1.966346 3.253262
694 1.966346 3.322877
695 1.966346 3.387448
696 1.966346 3.33216
697 1.966346 3.365872
698 1.966346 3.401476
699 1.966346 3.393274
700 1.966346 3.35966
701 1.966346 3.389828
702 1.966346 3.38799
703 1.966346 3.324703
704 1.966346 3.34036
705 1.966346 3.355058
706 1.965797 3.357496
707 1.965797 3.346679
708 1.965797 3.372473
709 1.965554 3.3809
710 1.965554 3.348728
711 1.965554 3.429718
712 1.965554 3.314501
713 1.965554 3.348456
714 1.965554 3.400665
715 1.964847 3.291492
716 1.964847 3.341535
717 1.964847 3.386483
718 1.964847 3.29132
719 1.964847 3.334697
720 1.964847 3.366296
721 1.964847 3.303279
722 1.964847 3.34953
723 1.964581 3.415503
724 1.964581 3.360632
725 1.964174 3.371272
726 1.964174 3.381359
727 1.964174 3.439219
728 1.964174 3.304645
729 1.964174 3.362279
730 1.964174 3.354258
731 1.964174 3.351407
732 1.964174 3.336792
733 1.964174 3.351535
734 1.964174 3.332331
735 1.964174 3.383036
736 1.964174 3.342532
737 1.963493 3.325182
738 1.963493 3.413678
739 1.963493 3.298768
740 1.963493 3.328671
741 1.963493 3.321608
742 1.963433 3.2723
743 1.963433 3.289717
744 1.963433 3.328003
745 1.963433 3.344178
746 1.963433 3.274364
747 1.963433 3.271066
748 1.963433 3.308015
749 1.963433 3.261044
750 1.963433 3.266072
751 1.963433 3.289884
752 1.963433 3.210829
753 1.963433 3.354489
754 1.963433 3.29958
755 1.963433 3.338885
756 1.963215 3.295682
757 1.963215 3.287975
758 1.96287 3.281345
759 1.96287 3.3358
760 1.96287 3.272244
761 1.96287 3.276449
762 1.96287 3.234304
763 1.96287 3.278593
764 1.96287 3.283922
765 1.96287 3.261515
766 1.96287 3.274932
767 1.960819 3.34152
768 1.960819 3.279991
769 1.960819 3.253562
770 1.960819 3.229722
771 1.959629 3.297777
772 1.959629 3.316364
773 1.959629 3.243663
774 1.959629 3.259502
775 1.959629 3.242838
776 1.959629 3.270962
777 1.959629 3.24019
778 1.959629 3.195681
779 1.959629 3.26774
780 1.959629 3.279205
781 1.959629 3.265509
782 1.959629 3.268698
783 1.959629 3.390578
784 1.959629 3.272357
785 1.959629 3.279054
786 1.959629 3.315099
787 1.959308 3.254604
788 1.959308 3.274958
789 1.959308 3.261892
790 1.958068 3.23969
791 1.957722 3.259437
792 1.957722 3.328805
793 1.956485 3.251742
794 1.956485 3.267705
795 1.956485 3.230195
796 1.956485 3.329764
797 1.956112 3.338592
798 1.956112 3.277606
799 1.956112 3.247465
800 1.955773 3.248283
801 1.955773 3.283575
802 1.955773 3.239049
803 1.955773 3.241696
804 1.955773 3.272619
805 1.955773 3.238579
806 1.955773 3.252304
807 1.95522 3.278057
808 1.95522 3.22926
809 1.95522 3.241123
810 1.95522 3.266271
811 1.95522 3.26324
812 1.95522 3.298924
813 1.95522 3.272303
814 1.95522 3.270168
815 1.95522 3.25966
816 1.95522 3.291424
817 1.95522 3.344156
818 1.95522 3.291194
819 1.95522 3.233105
820 1.95522 3.276395
821 1.95522 3.267452
822 1.953582 3.21166
823 1.953582 3.274035
824 1.953582 3.291062
825 1.953582 3.271884
826 1.953582 3.280708
827 1.953582 3.34844
828 1.953582 3.253247
829 1.953582 3.222649
830 1.953582 3.226472
831 1.953582 3.257575
832 1.953582 3.245393
833 1.953582 3.27996
834 1.953582 3.288057
835 1.953582 3.213209
836 1.953582 3.264404
837 1.953582 3.287992
838 1.953582 3.255537
839 1.953582 3.279008
840 1.953582 3.255203
841 1.952495 3.21711
842 1.952495 3.226209
843 1.952495 3.361465
844 1.952495 3.241121
845 1.952495 3.254199
846 1.952495 3.31362
847 1.952495 3.288433
848 1.952495 3.360059
849 1.952495 3.288125
850 1.952495 3.245323
851 1.952495 3.248716
852 1.952495 3.26301
853 1.952495 3.304737
854 1.952495 3.225079
855 1.952495 3.287416
856 1.952495 3.306576
857 1.952495 3.29373
858 1.952495 3.319468
859 1.952495 3.266486
860 1.952495 3.277728
861 1.952495 3.251487
862 1.952495 3.259309
863 1.952495 3.292717
864 1.952495 3.253596
865 1.952256 3.235318
866 1.952256 3.252284
867 1.952256 3.293029
868 1.952256 3.284637
869 1.951633 3.245357
870 1.951633 3.300313
871 1.950979 3.27604
872 1.950979 3.310959
873 1.950979 3.233814
874 1.950979 3.258806
875 1.950749 3.30462
876 1.950749 3.300257
877 1.950749 3.301247
878 1.950749 3.280975
879 1.950673 3.261907
880 1.950673 3.273097
881 1.950673 3.304274
882 1.950673 3.277552
883 1.950673 3.297754
884 1.950673 3.294287
885 1.950673 3.25229
886 1.950673 3.26783
887 1.950673 3.302572
888 1.950673 3.268413
889 1.950673 3.287554
890 1.950673 3.258245
891 1.950673 3.272859
892 1.950673 3.291094
893 1.950673 3.293264
894 1.950673 3.316351
895 1.950671 3.321765
896 1.950671 3.327842
897 1.950671 3.245965
898 1.950671 3.246105
899 1.950671 3.315297
900 1.950671 3.251843
901 1.950671 3.358263
902 1.950671 3.259043
903 1.950671 3.335191
904 1.950671 3.232702
905 1.950671 3.315381
906 1.950671 3.296528
907 1.950671 3.325705
908 1.950671 3.27727
909 1.950637 3.210567
910 1.950637 3.253997
911 1.950637 3.255074
912 1.950637 3.284936
913 1.950637 3.307538
914 1.950637 3.302635
915 1.950637 3.254311
916 1.950637 3.30996
917 1.950637 3.234561
918 1.94727 3.324932
919 1.94727 3.271002
920 1.94727 3.261807
921 1.94727 3.303835
922 1.94727 3.234957
923 1.94727 3.307719
924 1.94727 3.344348
925 1.94727 3.259004
926 1.94727 3.268335
927 1.94727 3.290641
928 1.94727 3.275358
929 1.94727 3.310378
930 1.94727 3.324934
931 1.94727 3.302522
932 1.94727 3.294851
933 1.94727 3.292258
934 1.946845 3.32132
935 1.946845 3.25506
936 1.946845 3.311673
937 1.946845 3.253515
938 1.946845 3.2464
939 1.946845 3.3009
940 1.946845 3.337035
941 1.946845 3.296036
942 1.946845 3.324364
943 1.946845 3.260166
944 1.946845 3.337294
945 1.946845 3.337244
946 1.946845 3.34175
947 1.946845 3.320544
948 1.946845 3.184846
949 1.946845 3.291783
950 1.946845 3.339174
951 1.945423 3.278063
952 1.945423 3.275033
953 1.945423 3.285882
954 1.945423 3.266038
955 1.945423 3.212013
956 1.945423 3.258844
957 1.945423 3.295467
958 1.945423 3.276333
959 1.945006 3.242128
960 1.945006 3.279226
961 1.945006 3.300747
962 1.945006 3.286643
963 1.945006 3.366793
964 1.945006 3.33165
965 1.945006 3.324918
966 1.945006 3.29156
967 1.945006 3.346165
968 1.945006 3.258575
969 1.944869 3.302819
970 1.944869 3.287664
971 1.944869 3.304635
972 1.944789 3.305035
973 1.944789 3.28734
974 1.944789 3.352628
975 1.944789 3.271517
976 1.944789 3.263691
977 1.944789 3.281392
978 1.944789 3.325633
979 1.944789 3.301444
980 1.944789 3.261451
981 1.944789 3.292181
982 1.944758 3.29365
983 1.944758 3.258104
984 1.944758 3.24488
985 1.944758 3.263653
986 1.944758 3.311646
987 1.944758 3.321672
988 1.944758 3.239784
989 1.944758 3.234946
990 1.944758 3.265724
991 1.944758 3.250888
992 1.944758 3.277465
993 1.944758 3.244488
994 1.944758 3.323182
995 1.944758 3.328133
996 1.944758 3.281709
997 1.944758 3.223056
998 1.944758 3.294843
999 1.944758 3.276288

