StartPoint = (0, 5)
EndPoint = (10, 0)
N Points = 20
Selection = Tournament
Tournament Size = 100
NCrossings = 4
NGenerations = 1000
PopulationSize = 100
MutationProb = 0.1
CrossoverProb = 0.9
MutationType = Gaussian
Elistic = 40


Best Result(mean): 1.811468

0 4.729063 7.85041
1 3.635789 5.955156
2 3.101808 4.648333
3 2.827329 4.175688
4 2.651035 3.928537
5 2.504025 3.779128
6 2.405873 3.618702
7 2.348099 3.549598
8 2.316231 3.572994
9 2.290806 3.638825
10 2.274574 3.540656
11 2.257029 3.563909
12 2.24702 3.501735
13 2.236105 3.470783
14 2.229 3.498798
15 2.21929 3.481687
16 2.214152 3.386691
17 2.20879 3.450274
18 2.201128 3.431909
19 2.191355 3.348883
20 2.184066 3.356677
21 2.181264 3.32912
22 2.17909 3.370003
23 2.174706 3.349605
24 2.168524 3.312891
25 2.166555 3.312439
26 2.164039 3.347581
27 2.16032 3.231206
28 2.158101 3.352279
29 2.155108 3.227044
30 2.153117 3.225646
31 2.150856 3.237266
32 2.146651 3.131309
33 2.144169 3.196283
34 2.141721 3.130073
35 2.139227 3.107534
36 2.137438 3.09664
37 2.133919 3.02246
38 2.131442 3.067165
39 2.127898 3.001294
40 2.122178 2.93874
41 2.117079 2.959447
42 2.110198 2.937793
43 2.107189 2.944687
44 2.105218 2.91501
45 2.100908 2.924518
46 2.098821 2.86891
47 2.089519 2.857336
48 2.087082 2.827227
49 2.084466 2.859254
50 2.077744 2.823542
51 2.074483 2.782917
52 2.070783 2.783717
53 2.066683 2.756831
54 2.061489 2.689329
55 2.055701 2.678755
56 2.052874 2.715172
57 2.048177 2.634109
58 2.043453 2.663852
59 2.038813 2.659476
60 2.035615 2.632138
61 2.029672 2.663773
62 2.026331 2.579786
63 2.023491 2.570374
64 2.02004 2.583148
65 2.014866 2.607529
66 2.009228 2.553791
67 2.006517 2.532187
68 2.002321 2.555291
69 1.998589 2.521999
70 1.992447 2.473534
71 1.986551 2.40387
72 1.982634 2.412119
73 1.979273 2.382393
74 1.974917 2.390777
75 1.970699 2.389804
76 1.967263 2.344832
77 1.962571 2.351424
78 1.958722 2.363657
79 1.953821 2.368984
80 1.950819 2.335668
81 1.949075 2.384058
82 1.945341 2.321469
83 1.941824 2.411037
84 1.938621 2.343199
85 1.936519 2.346986
86 1.934512 2.331358
87 1.932432 2.341434
88 1.930269 2.304734
89 1.929008 2.324623
90 1.927651 2.321581
91 1.925509 2.309896
92 1.924258 2.307611
93 1.923003 2.292092
94 1.921432 2.289578
95 1.919712 2.28164
96 1.916962 2.294462
97 1.915267 2.275173
98 1.913229 2.253448
99 1.911852 2.266242
100 1.910203 2.28316
101 1.908672 2.28562
102 1.906905 2.299889
103 1.906108 2.261579
104 1.904136 2.285847
105 1.902676 2.280574
106 1.900499 2.242673
107 1.898875 2.2413
108 1.89614 2.28451
109 1.895308 2.227651
110 1.894146 2.241713
111 1.89371 2.248512
112 1.892412 2.233912
113 1.890606 2.237849
114 1.88889 2.227176
115 1.886901 2.235084
116 1.886425 2.229028
117 1.886021 2.23763
118 1.884445 2.234403
119 1.883242 2.214841
120 1.882204 2.180019
121 1.880899 2.197259
122 1.879785 2.173821
123 1.877637 2.176548
124 1.87574 2.20574
125 1.874301 2.150118
126 1.872678 2.185871
127 1.871834 2.177925
128 1.87112 2.180814
129 1.870651 2.181982
130 1.86966 2.159849
131 1.868737 2.183198
132 1.867303 2.16527
133 1.865431 2.144222
134 1.864493 2.184232
135 1.863773 2.187941
136 1.862775 2.188541
137 1.8626 2.150741
138 1.861138 2.162672
139 1.860031 2.163456
140 1.859765 2.18446
141 1.858806 2.16533
142 1.858158 2.131839
143 1.857616 2.153672
144 1.856547 2.14589
145 1.85573 2.1681
146 1.855101 2.146286
147 1.854665 2.173894
148 1.853902 2.150162
149 1.853415 2.174702
150 1.852857 2.156905
151 1.851459 2.143688
152 1.849961 2.120581
153 1.848849 2.138706
154 1.848018 2.120626
155 1.847679 2.131687
156 1.845896 2.144616
157 1.843929 2.124397
158 1.842577 2.117162
159 1.840806 2.108499
160 1.839445 2.094999
161 1.838753 2.085644
162 1.838504 2.086741
163 1.837545 2.087543
164 1.836616 2.109429
165 1.835756 2.106321
166 1.83457 2.113812
167 1.834109 2.098406
168 1.833439 2.086697
169 1.832166 2.102757
170 1.831073 2.082665
171 1.829625 2.103827
172 1.827892 2.099619
173 1.827767 2.073993
174 1.827245 2.088529
175 1.826719 2.093901
176 1.826247 2.086195
177 1.825908 2.089736
178 1.824244 2.109471
179 1.823587 2.089579
180 1.823365 2.083372
181 1.822977 2.086041
182 1.822755 2.098565
183 1.821687 2.072292
184 1.82163 2.093724
185 1.821331 2.084951
186 1.820993 2.085589
187 1.820503 2.06774
188 1.820182 2.085701
189 1.819741 2.08322
190 1.819152 2.081098
191 1.819082 2.078984
192 1.819026 2.094413
193 1.818915 2.092031
194 1.818868 2.073073
195 1.818734 2.098766
196 1.818708 2.070827
197 1.818619 2.09169
198 1.818419 2.094182
199 1.818329 2.086657
200 1.818178 2.090562
201 1.818125 2.09607
202 1.818059 2.097183
203 1.818028 2.082204
204 1.817791 2.095401
205 1.8176 2.08858
206 1.817415 2.09874
207 1.817351 2.082667
208 1.817272 2.072584
209 1.817183 2.071099
210 1.81708 2.082523
211 1.816945 2.063342
212 1.816923 2.082864
213 1.816741 2.100944
214 1.816692 2.08432
215 1.816615 2.091851
216 1.816557 2.089838
217 1.816463 2.088151
218 1.816311 2.092591
219 1.816244 2.078248
220 1.816117 2.078123
221 1.815968 2.08986
222 1.815773 2.074211
223 1.815693 2.069584
224 1.815658 2.080745
225 1.815638 2.078624
226 1.815611 2.080649
227 1.815578 2.075626
228 1.815538 2.074396
229 1.815519 2.082476
230 1.81548 2.081275
231 1.815382 2.079315
232 1.815371 2.090213
233 1.815181 2.079576
234 1.815152 2.088438
235 1.815124 2.090818
236 1.815083 2.097796
237 1.815026 2.082322
238 1.815004 2.082079
239 1.814948 2.075096
240 1.814863 2.081059
241 1.814855 2.071601
242 1.81483 2.101292
243 1.814819 2.089706
244 1.814766 2.081926
245 1.814713 2.072304
246 1.814692 2.094757
247 1.81469 2.082867
248 1.814632 2.07732
249 1.814577 2.079478
250 1.814503 2.080316
251 1.814488 2.095011
252 1.814461 2.100022
253 1.81444 2.076959
254 1.814411 2.056372
255 1.814409 2.101177
256 1.814401 2.077044
257 1.814367 2.086505
258 1.814349 2.079654
259 1.814342 2.093785
260 1.814308 2.083687
261 1.814273 2.070548
262 1.81424 2.069453
263 1.81424 2.115817
264 1.814025 2.096822
265 1.813992 2.076286
266 1.813977 2.093245
267 1.813972 2.086468
268 1.813959 2.107769
269 1.813939 2.080993
270 1.813923 2.070539
271 1.813904 2.102424
272 1.81386 2.084613
273 1.813836 2.082782
274 1.813831 2.088389
275 1.813798 2.073854
276 1.813761 2.089191
277 1.813723 2.094285
278 1.813722 2.082846
279 1.813701 2.091835
280 1.813668 2.054293
281 1.813664 2.089213
282 1.813663 2.069443
283 1.813649 2.086843
284 1.81363 2.074183
285 1.813629 2.078151
286 1.813599 2.083913
287 1.81359 2.074075
288 1.813578 2.074042
289 1.813568 2.06033
290 1.813561 2.073588
291 1.813553 2.090995
292 1.813535 2.084128
293 1.813486 2.074924
294 1.813467 2.065361
295 1.813447 2.094775
296 1.81344 2.085168
297 1.813431 2.106416
298 1.813398 2.082517
299 1.813384 2.086051
300 1.813378 2.058184
301 1.813355 2.07944
302 1.813355 2.096266
303 1.813349 2.081631
304 1.813342 2.073095
305 1.813332 2.06784
306 1.813302 2.093224
307 1.813274 2.087657
308 1.81327 2.087434
309 1.813258 2.062585
310 1.813194 2.077654
311 1.813193 2.075835
312 1.813186 2.079097
313 1.813184 2.087953
314 1.81317 2.071346
315 1.813095 2.090274
316 1.813093 2.088017
317 1.813087 2.076806
318 1.813053 2.091204
319 1.813029 2.076468
320 1.813029 2.0677
321 1.813004 2.081631
322 1.812979 2.067571
323 1.812958 2.071568
324 1.812949 2.075197
325 1.812939 2.099407
326 1.812938 2.088643
327 1.812933 2.072057
328 1.812927 2.083747
329 1.812901 2.084058
330 1.812896 2.077546
331 1.812893 2.071429
332 1.812869 2.077763
333 1.812855 2.088647
334 1.812827 2.067943
335 1.812813 2.091456
336 1.812789 2.054895
337 1.812777 2.076015
338 1.812767 2.076253
339 1.812757 2.072441
340 1.812741 2.067949
341 1.812729 2.083357
342 1.812728 2.072441
343 1.812723 2.071704
344 1.812718 2.092034
345 1.8127 2.057386
346 1.8127 2.083554
347 1.812694 2.087099
348 1.812684 2.075534
349 1.812679 2.094619
350 1.812673 2.098904
351 1.812665 2.088004
352 1.812643 2.080921
353 1.812641 2.053511
354 1.812639 2.097672
355 1.812612 2.072419
356 1.812609 2.07973
357 1.812609 2.08518
358 1.812602 2.06615
359 1.812582 2.075616
360 1.812577 2.088879
361 1.812571 2.085151
362 1.812567 2.066785
363 1.812562 2.083826
364 1.812559 2.071173
365 1.812559 2.084599
366 1.812552 2.060707
367 1.81255 2.071366
368 1.812545 2.070292
369 1.812542 2.077921
370 1.812539 2.089977
371 1.812531 2.088212
372 1.812523 2.083266
373 1.81252 2.050457
374 1.81251 2.075308
375 1.812495 2.080756
376 1.812479 2.083614
377 1.812474 2.072872
378 1.812462 2.057521
379 1.812461 2.08778
380 1.812451 2.093349
381 1.812451 2.081978
382 1.812449 2.073573
383 1.812446 2.094597
384 1.812446 2.087796
385 1.812438 2.083674
386 1.812423 2.095421
387 1.81242 2.05831
388 1.812399 2.079322
389 1.812393 2.084078
390 1.81239 2.095264
391 1.812383 2.077048
392 1.812382 2.063135
393 1.812381 2.08063
394 1.812372 2.078199
395 1.81236 2.083543
396 1.812327 2.08894
397 1.812323 2.072279
398 1.812309 2.080494
399 1.812302 2.095752
400 1.812289 2.086179
401 1.812289 2.071442
402 1.812282 2.079813
403 1.812276 2.086118
404 1.812267 2.078977
405 1.812256 2.069277
406 1.812254 2.112525
407 1.812253 2.073595
408 1.81225 2.07355
409 1.812241 2.088936
410 1.812237 2.086713
411 1.812217 2.088879
412 1.812204 2.08848
413 1.812194 2.087487
414 1.812192 2.060166
415 1.81218 2.081802
416 1.812178 2.086844
417 1.812165 2.077576
418 1.812151 2.085778
419 1.812148 2.070846
420 1.812145 2.062653
421 1.812142 2.092246
422 1.812134 2.093908
423 1.812128 2.072242
424 1.812122 2.062213
425 1.812115 2.077679
426 1.812115 2.079629
427 1.812106 2.081588
428 1.812106 2.08936
429 1.812103 2.077113
430 1.812103 2.092919
431 1.812103 2.079652
432 1.812101 2.085439
433 1.8121 2.070328
434 1.812086 2.092073
435 1.812086 2.107775
436 1.812081 2.07588
437 1.812079 2.07757
438 1.812074 2.072738
439 1.812064 2.076004
440 1.812062 2.091089
441 1.812057 2.086755
442 1.812057 2.06848
443 1.812046 2.087811
444 1.812035 2.088408
445 1.812032 2.076988
446 1.812025 2.066455
447 1.812024 2.085984
448 1.812022 2.062564
449 1.812022 2.089417
450 1.812022 2.106979
451 1.812015 2.08351
452 1.812015 2.068002
453 1.812014 2.069946
454 1.812013 2.066801
455 1.812013 2.060786
456 1.812012 2.068194
457 1.812012 2.072679
458 1.812008 2.080352
459 1.812008 2.098009
460 1.812008 2.087491
461 1.812008 2.082035
462 1.812007 2.063036
463 1.812006 2.075824
464 1.812006 2.103061
465 1.812002 2.079947
466 1.812 2.088259
467 1.811995 2.075566
468 1.81199 2.091328
469 1.81199 2.069702
470 1.811985 2.07068
471 1.811985 2.069866
472 1.811984 2.095803
473 1.811977 2.075325
474 1.811975 2.086859
475 1.811973 2.069931
476 1.811972 2.085211
477 1.81197 2.078398
478 1.811968 2.079206
479 1.811967 2.073543
480 1.811965 2.075431
481 1.811964 2.08012
482 1.81196 2.075542
483 1.811958 2.076232
484 1.811944 2.068065
485 1.811935 2.091372
486 1.811928 2.101422
487 1.811928 2.076651
488 1.811926 2.077717
489 1.811922 2.064817
490 1.811916 2.076432
491 1.811908 2.085095
492 1.811906 2.088288
493 1.811906 2.085594
494 1.811905 2.081639
495 1.811903 2.093466
496 1.8119 2.092857
497 1.811898 2.076578
498 1.811898 2.067051
499 1.811897 2.07318
500 1.811893 2.073814
501 1.811892 2.074735
502 1.811892 2.080496
503 1.811887 2.067561
504 1.811882 2.081799
505 1.811877 2.100069
506 1.811877 2.062936
507 1.811874 2.079981
508 1.811874 2.087514
509 1.811874 2.080451
510 1.811873 2.090234
511 1.811873 2.067779
512 1.811866 2.075519
513 1.811864 2.09583
514 1.811862 2.081125
515 1.811862 2.071274
516 1.811862 2.076476
517 1.811862 2.081029
518 1.81186 2.089154
519 1.811856 2.084182
520 1.811856 2.082888
521 1.811849 2.07864
522 1.811849 2.083325
523 1.811846 2.096062
524 1.811846 2.092673
525 1.811841 2.067109
526 1.811834 2.073683
527 1.811834 2.078507
528 1.811834 2.086642
529 1.811834 2.073589
530 1.811833 2.071735
531 1.811832 2.086307
532 1.811832 2.079144
533 1.811829 2.081481
534 1.811824 2.079171
535 1.811821 2.074984
536 1.811821 2.080084
537 1.811819 2.094182
538 1.811817 2.086325
539 1.811817 2.082766
540 1.811817 2.075609
541 1.811817 2.087328
542 1.811817 2.075064
543 1.811817 2.069249
544 1.811816 2.083623
545 1.811815 2.09915
546 1.811812 2.081912
547 1.811811 2.061828
548 1.811811 2.091281
549 1.811808 2.084809
550 1.811808 2.066417
551 1.811805 2.084341
552 1.811805 2.080913
553 1.811799 2.076808
554 1.811797 2.094432
555 1.811797 2.075736
556 1.811791 2.078937
557 1.811786 2.078235
558 1.811784 2.074625
559 1.81178 2.079794
560 1.811779 2.084603
561 1.811779 2.084714
562 1.811778 2.080167
563 1.811775 2.091419
564 1.811767 2.07791
565 1.811767 2.087208
566 1.811766 2.066213
567 1.811759 2.084967
568 1.811759 2.089539
569 1.811756 2.092401
570 1.811756 2.08922
571 1.811756 2.076983
572 1.811754 2.07306
573 1.811754 2.092372
574 1.811752 2.073804
575 1.811751 2.058069
576 1.811744 2.075187
577 1.811737 2.104029
578 1.811736 2.087488
579 1.811735 2.08029
580 1.811732 2.091398
581 1.81173 2.092127
582 1.81172 2.079065
583 1.81172 2.090183
584 1.81172 2.077351
585 1.811716 2.086703
586 1.811715 2.078169
587 1.811709 2.086754
588 1.811706 2.060415
589 1.811706 2.067666
590 1.811705 2.088871
591 1.811702 2.070203
592 1.811699 2.081899
593 1.811699 2.083798
594 1.811693 2.08139
595 1.81169 2.090119
596 1.811689 2.06866
597 1.811688 2.071892
598 1.811685 2.086387
599 1.811683 2.085975
600 1.811682 2.078652
601 1.811679 2.070237
602 1.811677 2.079566
603 1.811676 2.073224
604 1.811673 2.068648
605 1.811673 2.071273
606 1.811673 2.076061
607 1.81167 2.081803
608 1.81167 2.092982
609 1.81167 2.082512
610 1.811667 2.095975
611 1.811667 2.0957
612 1.811667 2.087702
613 1.811667 2.095986
614 1.811667 2.08626
615 1.811667 2.053105
616 1.811667 2.082889
617 1.811666 2.078151
618 1.811666 2.081625
619 1.811666 2.071653
620 1.811666 2.081088
621 1.811664 2.084594
622 1.811663 2.082784
623 1.811662 2.078261
624 1.811661 2.086113
625 1.811657 2.07425
626 1.811657 2.076981
627 1.811657 2.078775
628 1.811657 2.09852
629 1.811655 2.104808
630 1.811653 2.08966
631 1.811653 2.076068
632 1.811652 2.073622
633 1.811651 2.086715
634 1.811649 2.087034
635 1.811645 2.082449
636 1.811645 2.060894
637 1.811644 2.082629
638 1.811642 2.084055
639 1.811641 2.082843
640 1.811641 2.075988
641 1.811641 2.101192
642 1.811639 2.076738
643 1.811638 2.084297
644 1.811638 2.077389
645 1.811638 2.070125
646 1.811635 2.087054
647 1.811634 2.069661
648 1.811633 2.058262
649 1.811632 2.073131
650 1.811632 2.07479
651 1.811631 2.077562
652 1.811631 2.080377
653 1.81163 2.073182
654 1.811629 2.08031
655 1.811628 2.079802
656 1.811627 2.096226
657 1.811627 2.066892
658 1.811626 2.085484
659 1.811626 2.102254
660 1.811624 2.099108
661 1.811624 2.067014
662 1.811623 2.072447
663 1.811621 2.087587
664 1.811621 2.086199
665 1.811621 2.074971
666 1.811621 2.076478
667 1.81162 2.07713
668 1.81162 2.058767
669 1.811619 2.088049
670 1.811619 2.075114
671 1.811618 2.091125
672 1.811618 2.078014
673 1.811617 2.081465
674 1.811617 2.08906
675 1.811617 2.075145
676 1.811617 2.103389
677 1.811617 2.085441
678 1.811616 2.077405
679 1.811616 2.075317
680 1.811614 2.083209
681 1.811613 2.094641
682 1.811613 2.088136
683 1.811613 2.0716
684 1.811613 2.073531
685 1.811612 2.074093
686 1.811612 2.073359
687 1.811612 2.093615
688 1.811611 2.074611
689 1.81161 2.080956
690 1.811609 2.076852
691 1.811608 2.081915
692 1.811608 2.072869
693 1.811608 2.071085
694 1.811608 2.092948
695 1.811608 2.05934
696 1.811607 2.077131
697 1.811607 2.082852
698 1.811607 2.077206
699 1.811606 2.074078
700 1.811606 2.087335
701 1.811604 2.082643
702 1.811601 2.074054
703 1.811601 2.099249
704 1.811601 2.069686
705 1.811601 2.080728
706 1.811601 2.070652
707 1.8116 2.114784
708 1.8116 2.077087
709 1.811599 2.073392
710 1.811599 2.089427
711 1.811597 2.074169
712 1.811597 2.091788
713 1.811597 2.084553
714 1.811597 2.089395
715 1.811596 2.081831
716 1.811596 2.091522
717 1.811595 2.087435
718 1.811594 2.083996
719 1.811594 2.08459
720 1.811594 2.073534
721 1.811594 2.088605
722 1.811593 2.097065
723 1.811593 2.094516
724 1.811593 2.094532
725 1.811592 2.088902
726 1.811592 2.089712
727 1.811592 2.076463
728 1.811592 2.07823
729 1.811591 2.073502
730 1.811591 2.071481
731 1.811591 2.073292
732 1.81159 2.077846
733 1.811587 2.071798
734 1.811586 2.064164
735 1.811586 2.080255
736 1.811581 2.073584
737 1.811581 2.087796
738 1.811581 2.071553
739 1.811579 2.080048
740 1.811576 2.084435
741 1.811575 2.072866
742 1.811575 2.061811
743 1.811575 2.067227
744 1.811574 2.082484
745 1.811574 2.061052
746 1.811573 2.078898
747 1.811573 2.072551
748 1.811571 2.102306
749 1.811571 2.087278
750 1.811571 2.08043
751 1.811569 2.072532
752 1.811569 2.093121
753 1.811567 2.085557
754 1.811565 2.084533
755 1.811565 2.092649
756 1.811565 2.098284
757 1.811564 2.085573
758 1.811564 2.072006
759 1.811563 2.096832
760 1.811563 2.066365
761 1.811563 2.086251
762 1.811561 2.088721
763 1.811561 2.077748
764 1.811561 2.072651
765 1.811561 2.080901
766 1.811561 2.074619
767 1.811561 2.080475
768 1.811561 2.087077
769 1.811561 2.097219
770 1.811561 2.084876
771 1.811561 2.099708
772 1.811561 2.084663
773 1.81156 2.064302
774 1.81156 2.097885
775 1.81156 2.065027
776 1.811559 2.076888
777 1.811559 2.070318
778 1.811559 2.075364
779 1.811559 2.076983
780 1.811558 2.067332
781 1.811558 2.073681
782 1.811558 2.085046
783 1.811557 2.080996
784 1.811557 2.079248
785 1.811556 2.076207
786 1.811556 2.064306
787 1.811556 2.065148
788 1.811556 2.08813
789 1.811556 2.085388
790 1.811555 2.090901
791 1.811554 2.079924
792 1.811554 2.065662
793 1.811554 2.102221
794 1.811553 2.080279
795 1.811553 2.056939
796 1.811551 2.087289
797 1.811551 2.077169
798 1.811551 2.074588
799 1.81155 2.074972
800 1.81155 2.090226
801 1.81155 2.07575
802 1.811549 2.07287
803 1.811549 2.086715
804 1.811549 2.088419
805 1.811548 2.093762
806 1.811548 2.080173
807 1.811548 2.096373
808 1.811548 2.085696
809 1.811547 2.088114
810 1.811547 2.082565
811 1.811546 2.081961
812 1.811546 2.09432
813 1.811546 2.069664
814 1.811546 2.083161
815 1.811546 2.086623
816 1.811546 2.08675
817 1.811546 2.091367
818 1.811546 2.073802
819 1.811545 2.07639
820 1.811545 2.092244
821 1.811545 2.089817
822 1.811544 2.09109
823 1.811543 2.095044
824 1.811542 2.076435
825 1.811542 2.082571
826 1.81154 2.068712
827 1.81154 2.091638
828 1.811539 2.084062
829 1.811539 2.087902
830 1.811538 2.085958
831 1.811538 2.084652
832 1.811538 2.076597
833 1.811538 2.070111
834 1.811538 2.08359
835 1.811538 2.083428
836 1.811538 2.091285
837 1.811538 2.084472
838 1.811538 2.069887
839 1.811538 2.083887
840 1.811534 2.083901
841 1.811534 2.072667
842 1.811533 2.076831
843 1.811533 2.095891
844 1.811533 2.079556
845 1.811533 2.085763
846 1.811532 2.086978
847 1.811532 2.067884
848 1.811532 2.090664
849 1.81153 2.092078
850 1.81153 2.086529
851 1.811529 2.085692
852 1.811529 2.101323
853 1.811529 2.070022
854 1.811529 2.066919
855 1.811529 2.080529
856 1.811528 2.082871
857 1.811528 2.074344
858 1.811528 2.066349
859 1.811528 2.091855
860 1.811527 2.073916
861 1.811527 2.091087
862 1.811527 2.083909
863 1.811527 2.060453
864 1.811527 2.065462
865 1.811525 2.085624
866 1.811525 2.082653
867 1.811524 2.067175
868 1.811523 2.085333
869 1.811522 2.091128
870 1.811522 2.083196
871 1.811522 2.104304
872 1.811522 2.091023
873 1.811522 2.103497
874 1.811522 2.074937
875 1.811521 2.08213
876 1.811513 2.072186
877 1.811513 2.065454
878 1.811513 2.090022
879 1.811513 2.06285
880 1.811513 2.087139
881 1.811513 2.069613
882 1.811513 2.078637
883 1.81151 2.085219
884 1.811509 2.103811
885 1.811509 2.078399
886 1.811509 2.086518
887 1.811509 2.071591
888 1.811507 2.071226
889 1.811507 2.050133
890 1.811507 2.064646
891 1.811507 2.080415
892 1.811506 2.089108
893 1.811501 2.082403
894 1.811501 2.076337
895 1.811499 2.083529
896 1.811499 2.100982
897 1.811498 2.073858
898 1.811498 2.082995
899 1.811498 2.072437
900 1.811498 2.092617
901 1.811497 2.075789
902 1.811497 2.078253
903 1.811497 2.064163
904 1.811496 2.070553
905 1.811496 2.087284
906 1.811496 2.092905
907 1.811496 2.078834
908 1.811496 2.082752
909 1.811496 2.088184
910 1.811496 2.096937
911 1.811496 2.09467
912 1.811495 2.071903
913 1.811494 2.088428
914 1.811494 2.089192
915 1.811491 2.092305
916 1.811491 2.08584
917 1.811491 2.092932
918 1.811491 2.084013
919 1.811491 2.081118
920 1.811491 2.069287
921 1.811491 2.084834
922 1.81149 2.069085
923 1.81149 2.083344
924 1.81149 2.074917
925 1.81149 2.082942
926 1.81149 2.089493
927 1.811489 2.093262
928 1.811489 2.06456
929 1.811488 2.07786
930 1.811488 2.071182
931 1.811487 2.077338
932 1.811487 2.08454
933 1.811487 2.089869
934 1.811487 2.06763
935 1.811487 2.073766
936 1.811486 2.077044
937 1.811486 2.058114
938 1.811485 2.080092
939 1.811485 2.079633
940 1.811485 2.082179
941 1.811485 2.079098
942 1.811485 2.085064
943 1.811485 2.078416
944 1.811485 2.087964
945 1.811485 2.078408
946 1.811485 2.095344
947 1.811485 2.085317
948 1.811485 2.065995
949 1.811484 2.090677
950 1.811484 2.076677
951 1.811484 2.081182
952 1.811484 2.06929
953 1.811481 2.079573
954 1.811481 2.061007
955 1.81148 2.07956
956 1.811477 2.081364
957 1.811477 2.077608
958 1.811477 2.093926
959 1.811477 2.071964
960 1.811477 2.065718
961 1.811477 2.07111
962 1.811477 2.071256
963 1.811477 2.077709
964 1.811476 2.100672
965 1.811476 2.087733
966 1.811475 2.08853
967 1.811475 2.070709
968 1.811475 2.062884
969 1.811474 2.082699
970 1.811473 2.083412
971 1.811473 2.068807
972 1.811473 2.062069
973 1.811473 2.083458
974 1.811473 2.068671
975 1.811471 2.084982
976 1.811471 2.076296
977 1.811471 2.095542
978 1.811471 2.051641
979 1.811471 2.101739
980 1.811471 2.090109
981 1.81147 2.077365
982 1.81147 2.07283
983 1.81147 2.091465
984 1.81147 2.093598
985 1.81147 2.076121
986 1.81147 2.064724
987 1.81147 2.088015
988 1.81147 2.093378
989 1.811469 2.079122
990 1.811469 2.056626
991 1.811469 2.064209
992 1.811469 2.092297
993 1.811469 2.074373
994 1.811469 2.077909
995 1.811469 2.092389
996 1.811469 2.081516
997 1.811469 2.077907
998 1.811469 2.071899
999 1.811468 2.070887

