StartPoint = (0, 5)
EndPoint = (10, 0)
N Points = 20
Selection = Tournament
Tournament Size = 100
NCrossings = 6
NGenerations = 1000
PopulationSize = 120
MutationProb = 0.1
CrossoverProb = 0.9
MutationType = Gaussian
Elistic = 40


Best Result(mean): 1.811372

0 4.928541 7.919603
1 3.624671 5.90496
2 3.018899 4.700301
3 2.769397 4.153564
4 2.580887 3.934013
5 2.451403 3.761679
6 2.387108 3.655093
7 2.34633 3.707035
8 2.314569 3.775493
9 2.296454 3.802884
10 2.283028 3.738801
11 2.268915 3.84897
12 2.257795 3.668795
13 2.251216 3.676791
14 2.243664 3.605579
15 2.23528 3.5555
16 2.230763 3.634308
17 2.22345 3.45141
18 2.213614 3.412014
19 2.206237 3.464504
20 2.203242 3.454254
21 2.200036 3.455627
22 2.195324 3.440461
23 2.190108 3.410449
24 2.185357 3.355412
25 2.178166 3.361732
26 2.173619 3.265329
27 2.17108 3.347605
28 2.168292 3.375586
29 2.161321 3.17645
30 2.156275 3.146536
31 2.152252 3.110031
32 2.148458 3.195484
33 2.144843 3.106767
34 2.141321 3.046382
35 2.134007 3.067812
36 2.132871 3.169068
37 2.130008 3.114993
38 2.122776 3.00679
39 2.118759 2.985259
40 2.114732 2.914233
41 2.108378 2.878104
42 2.103542 2.836507
43 2.098203 2.837586
44 2.094697 2.843491
45 2.08633 2.738174
46 2.084285 2.76557
47 2.08137 2.786078
48 2.075676 2.812703
49 2.069709 2.751363
50 2.065823 2.766943
51 2.059664 2.765689
52 2.056459 2.643067
53 2.053285 2.63984
54 2.050072 2.710486
55 2.046475 2.657104
56 2.041928 2.702113
57 2.037669 2.62569
58 2.033062 2.621683
59 2.029455 2.680451
60 2.022775 2.604321
61 2.018635 2.609085
62 2.014818 2.617121
63 2.008145 2.602033
64 2.002167 2.522636
65 1.997355 2.584344
66 1.994923 2.49839
67 1.993997 2.447855
68 1.991764 2.508842
69 1.987153 2.478797
70 1.982781 2.465485
71 1.97946 2.440674
72 1.970853 2.426108
73 1.964495 2.421118
74 1.961993 2.395871
75 1.957549 2.362033
76 1.954767 2.364885
77 1.952083 2.394754
78 1.951122 2.356092
79 1.947872 2.362584
80 1.946231 2.404304
81 1.943231 2.38868
82 1.940852 2.332197
83 1.939021 2.328432
84 1.934816 2.319684
85 1.93105 2.334695
86 1.926463 2.292895
87 1.923515 2.307524
88 1.91998 2.289248
89 1.917691 2.308994
90 1.915224 2.298568
91 1.912229 2.310919
92 1.909719 2.245927
93 1.905012 2.234312
94 1.903745 2.262855
95 1.902142 2.268595
96 1.900168 2.268633
97 1.897872 2.268459
98 1.89677 2.252926
99 1.896506 2.281558
100 1.89602 2.256682
101 1.893906 2.24832
102 1.890942 2.244588
103 1.889224 2.246438
104 1.887237 2.215484
105 1.885143 2.227776
106 1.882921 2.235482
107 1.881111 2.234765
108 1.878507 2.214073
109 1.877727 2.219765
110 1.877038 2.218825
111 1.874861 2.21735
112 1.874534 2.22353
113 1.872283 2.207027
114 1.870017 2.193497
115 1.868317 2.181558
116 1.867234 2.176841
117 1.866377 2.176764
118 1.865842 2.150215
119 1.864569 2.164787
120 1.861031 2.179625
121 1.858978 2.192355
122 1.857257 2.203074
123 1.856169 2.147529
124 1.853276 2.159338
125 1.851245 2.135795
126 1.850343 2.175977
127 1.849627 2.181382
128 1.849327 2.147325
129 1.847871 2.172924
130 1.847506 2.169715
131 1.846256 2.140862
132 1.845347 2.152497
133 1.844425 2.161709
134 1.84347 2.155052
135 1.843468 2.146097
136 1.843081 2.15271
137 1.842739 2.144272
138 1.840104 2.105392
139 1.839652 2.120139
140 1.839232 2.130985
141 1.837715 2.129859
142 1.836622 2.141001
143 1.835752 2.130357
144 1.83549 2.145438
145 1.834786 2.128266
146 1.833235 2.139344
147 1.83281 2.140623
148 1.83123 2.130111
149 1.829687 2.120929
150 1.828629 2.143718
151 1.827889 2.127427
152 1.827105 2.131717
153 1.826647 2.108506
154 1.825796 2.133603
155 1.825655 2.115869
156 1.824484 2.117821
157 1.823959 2.15203
158 1.823883 2.127576
159 1.823631 2.133807
160 1.822778 2.094499
161 1.822486 2.108853
162 1.822229 2.123799
163 1.82176 2.121607
164 1.821172 2.100126
165 1.820811 2.097869
166 1.81998 2.127116
167 1.819606 2.122883
168 1.819491 2.116198
169 1.819396 2.103271
170 1.81923 2.137268
171 1.818906 2.117038
172 1.818518 2.117894
173 1.818481 2.134685
174 1.818332 2.130786
175 1.818298 2.122843
176 1.818246 2.099546
177 1.818043 2.118625
178 1.817905 2.118805
179 1.817802 2.125934
180 1.817566 2.086067
181 1.81736 2.118656
182 1.81715 2.120526
183 1.816859 2.113213
184 1.816702 2.10671
185 1.816659 2.098717
186 1.816495 2.119796
187 1.816339 2.096492
188 1.816214 2.092014
189 1.816012 2.114127
190 1.815957 2.093446
191 1.815808 2.107487
192 1.815654 2.105432
193 1.81559 2.131124
194 1.81558 2.096857
195 1.815506 2.090805
196 1.815491 2.136924
197 1.815465 2.123445
198 1.815391 2.111482
199 1.815304 2.10216
200 1.815249 2.129924
201 1.815246 2.130372
202 1.815244 2.117988
203 1.815227 2.095591
204 1.815218 2.118563
205 1.81513 2.121322
206 1.815027 2.124971
207 1.814987 2.114308
208 1.814857 2.127863
209 1.814779 2.106616
210 1.814767 2.120399
211 1.814666 2.096865
212 1.814636 2.134616
213 1.814594 2.101038
214 1.814589 2.107072
215 1.814585 2.105694
216 1.814582 2.107997
217 1.814561 2.104525
218 1.814559 2.110983
219 1.814536 2.109076
220 1.814532 2.096626
221 1.814513 2.140867
222 1.814469 2.127649
223 1.814429 2.118975
224 1.814422 2.115406
225 1.814378 2.108973
226 1.814329 2.132007
227 1.814265 2.107673
228 1.81426 2.087794
229 1.81416 2.12413
230 1.814131 2.10778
231 1.81412 2.148348
232 1.814105 2.11948
233 1.814065 2.106819
234 1.813997 2.128153
235 1.813992 2.116103
236 1.813946 2.126049
237 1.813926 2.113825
238 1.813849 2.105248
239 1.813836 2.128895
240 1.813826 2.111173
241 1.813817 2.112781
242 1.813794 2.104516
243 1.813751 2.126466
244 1.813747 2.104038
245 1.81373 2.136452
246 1.813663 2.096893
247 1.813506 2.111913
248 1.813501 2.083286
249 1.813481 2.086335
250 1.813473 2.098504
251 1.813438 2.114197
252 1.813364 2.123423
253 1.813352 2.098019
254 1.813339 2.097127
255 1.813336 2.079756
256 1.813323 2.120399
257 1.813313 2.108204
258 1.813308 2.094365
259 1.813304 2.115062
260 1.813272 2.091858
261 1.813255 2.109673
262 1.813251 2.08463
263 1.813243 2.116538
264 1.813194 2.116495
265 1.813172 2.098621
266 1.813154 2.137503
267 1.813141 2.121533
268 1.81313 2.086721
269 1.813116 2.11768
270 1.813115 2.096418
271 1.81309 2.102749
272 1.813038 2.113206
273 1.813034 2.10314
274 1.812964 2.115584
275 1.812953 2.088292
276 1.812932 2.099018
277 1.812924 2.118478
278 1.812896 2.151286
279 1.812881 2.111012
280 1.812865 2.093403
281 1.812865 2.10114
282 1.812843 2.129884
283 1.812843 2.127749
284 1.812823 2.123351
285 1.812823 2.100678
286 1.812805 2.101024
287 1.812804 2.104554
288 1.812802 2.110082
289 1.812801 2.090511
290 1.812798 2.102623
291 1.812798 2.094437
292 1.812797 2.112541
293 1.812791 2.110168
294 1.812783 2.10492
295 1.812783 2.102076
296 1.812783 2.11249
297 1.81277 2.101674
298 1.81276 2.097495
299 1.812757 2.106746
300 1.812749 2.112059
301 1.812729 2.094051
302 1.812728 2.152382
303 1.812704 2.114234
304 1.812687 2.103855
305 1.812671 2.109331
306 1.812669 2.091623
307 1.812641 2.109994
308 1.812635 2.101381
309 1.812635 2.105927
310 1.812629 2.112217
311 1.812624 2.103916
312 1.812588 2.134895
313 1.812587 2.128325
314 1.812576 2.111488
315 1.812574 2.113019
316 1.812573 2.111078
317 1.812555 2.116779
318 1.812532 2.100196
319 1.812527 2.116376
320 1.812517 2.115176
321 1.812513 2.126573
322 1.812497 2.113531
323 1.812495 2.115197
324 1.812484 2.096649
325 1.812471 2.105904
326 1.812456 2.114244
327 1.812456 2.113267
328 1.812452 2.115219
329 1.812447 2.107731
330 1.81244 2.12494
331 1.812431 2.094456
332 1.812431 2.112246
333 1.812412 2.089655
334 1.812409 2.109854
335 1.812404 2.106103
336 1.812368 2.104344
337 1.812365 2.115496
338 1.812364 2.115904
339 1.812359 2.14029
340 1.81231 2.112312
341 1.812295 2.095072
342 1.812288 2.152915
343 1.812286 2.130532
344 1.812281 2.117224
345 1.812281 2.146302
346 1.81226 2.099134
347 1.812254 2.105116
348 1.81225 2.102369
349 1.812249 2.115988
350 1.812249 2.092847
351 1.812246 2.122201
352 1.812244 2.115243
353 1.812239 2.135053
354 1.812227 2.098537
355 1.812224 2.099732
356 1.812224 2.106623
357 1.812224 2.105676
358 1.812213 2.133682
359 1.812213 2.108237
360 1.812206 2.100365
361 1.812202 2.109351
362 1.812198 2.132457
363 1.812196 2.10639
364 1.812185 2.10138
365 1.812182 2.126037
366 1.812141 2.12037
367 1.812141 2.10923
368 1.81214 2.098354
369 1.812129 2.111663
370 1.812124 2.093974
371 1.812121 2.116215
372 1.812113 2.109461
373 1.812101 2.116283
374 1.812088 2.100694
375 1.812087 2.087945
376 1.812085 2.107326
377 1.812085 2.113583
378 1.812082 2.077873
379 1.812081 2.105677
380 1.812081 2.128876
381 1.812081 2.118741
382 1.812078 2.09465
383 1.812077 2.11492
384 1.812064 2.11975
385 1.812057 2.099954
386 1.812055 2.113747
387 1.812053 2.116241
388 1.812052 2.113211
389 1.812052 2.088808
390 1.812052 2.125603
391 1.812052 2.128253
392 1.812042 2.130273
393 1.812037 2.118463
394 1.812035 2.111101
395 1.812035 2.091105
396 1.812031 2.103944
397 1.812031 2.118105
398 1.812027 2.123121
399 1.81202 2.115345
400 1.812019 2.112465
401 1.812019 2.114787
402 1.81201 2.096064
403 1.812005 2.123853
404 1.811996 2.130965
405 1.811995 2.133057
406 1.811993 2.12949
407 1.811993 2.096832
408 1.811989 2.112023
409 1.811988 2.109176
410 1.811981 2.120528
411 1.811981 2.10205
412 1.811977 2.101834
413 1.811969 2.092167
414 1.811969 2.103069
415 1.811969 2.091908
416 1.811967 2.111593
417 1.811966 2.111236
418 1.811964 2.104345
419 1.811963 2.132184
420 1.811963 2.118997
421 1.811963 2.101729
422 1.811954 2.092774
423 1.811953 2.113056
424 1.811951 2.097561
425 1.81195 2.112247
426 1.811944 2.1311
427 1.811943 2.101131
428 1.811943 2.112433
429 1.811943 2.118345
430 1.811943 2.126105
431 1.811942 2.088913
432 1.811933 2.106411
433 1.811926 2.109569
434 1.811926 2.107872
435 1.811922 2.123502
436 1.811913 2.095581
437 1.811913 2.119874
438 1.811913 2.097574
439 1.811913 2.117518
440 1.811913 2.092397
441 1.81191 2.112095
442 1.811908 2.126128
443 1.811902 2.1011
444 1.811902 2.104273
445 1.811899 2.11193
446 1.811898 2.101717
447 1.811897 2.106206
448 1.811895 2.124099
449 1.811893 2.092931
450 1.81188 2.094518
451 1.811879 2.096877
452 1.811875 2.110945
453 1.811875 2.10637
454 1.81187 2.086202
455 1.81187 2.103137
456 1.811866 2.095474
457 1.811863 2.146359
458 1.811857 2.116206
459 1.811857 2.108299
460 1.811857 2.109595
461 1.811857 2.108849
462 1.811853 2.110269
463 1.811848 2.097749
464 1.811842 2.10651
465 1.811842 2.120841
466 1.811841 2.108161
467 1.81184 2.111095
468 1.811838 2.10801
469 1.811833 2.097343
470 1.811833 2.129323
471 1.811833 2.093616
472 1.811832 2.116998
473 1.811831 2.120331
474 1.81183 2.127175
475 1.81183 2.088296
476 1.811829 2.097591
477 1.811829 2.118124
478 1.811829 2.126868
479 1.811824 2.113041
480 1.811822 2.111619
481 1.81182 2.124712
482 1.81182 2.123716
483 1.811819 2.116312
484 1.811815 2.093713
485 1.811814 2.100277
486 1.811813 2.089631
487 1.811803 2.116781
488 1.8118 2.127189
489 1.811785 2.108701
490 1.811784 2.09819
491 1.811784 2.103765
492 1.811781 2.102946
493 1.811779 2.10854
494 1.811778 2.127366
495 1.811778 2.124509
496 1.811772 2.10683
497 1.811769 2.106275
498 1.811769 2.140992
499 1.811768 2.129011
500 1.811767 2.108286
501 1.811761 2.097306
502 1.811756 2.124111
503 1.811751 2.118885
504 1.811749 2.126726
505 1.811746 2.094436
506 1.811746 2.114248
507 1.811746 2.107302
508 1.811746 2.122897
509 1.811745 2.113682
510 1.811745 2.099353
511 1.811743 2.119016
512 1.811742 2.106821
513 1.811737 2.116888
514 1.811737 2.126353
515 1.811737 2.096254
516 1.811735 2.110452
517 1.811726 2.101293
518 1.811725 2.121213
519 1.811723 2.090489
520 1.811723 2.134432
521 1.811722 2.10699
522 1.811717 2.116055
523 1.811712 2.112274
524 1.811712 2.114158
525 1.811712 2.098406
526 1.811711 2.105201
527 1.81171 2.099641
528 1.811708 2.113635
529 1.811708 2.108018
530 1.811702 2.099754
531 1.811701 2.09494
532 1.811701 2.141363
533 1.8117 2.12042
534 1.811699 2.112814
535 1.811699 2.123009
536 1.811699 2.110166
537 1.811697 2.103042
538 1.811697 2.089625
539 1.811695 2.115545
540 1.811695 2.109894
541 1.811694 2.096154
542 1.811692 2.110573
543 1.811692 2.125231
544 1.811689 2.094949
545 1.811687 2.102582
546 1.811686 2.093793
547 1.811678 2.121124
548 1.811677 2.129262
549 1.811676 2.117787
550 1.81167 2.069906
551 1.811669 2.117292
552 1.811668 2.110211
553 1.811668 2.117708
554 1.811667 2.12623
555 1.811662 2.114724
556 1.81166 2.133981
557 1.811659 2.118516
558 1.811659 2.119556
559 1.811659 2.11418
560 1.811659 2.107566
561 1.811659 2.094642
562 1.811659 2.109486
563 1.811659 2.117996
564 1.811656 2.088764
565 1.811653 2.112456
566 1.811649 2.131868
567 1.811649 2.100465
568 1.811648 2.102787
569 1.811647 2.110251
570 1.811646 2.096359
571 1.811646 2.131144
572 1.811642 2.100984
573 1.811641 2.122606
574 1.811641 2.123094
575 1.81164 2.099905
576 1.81164 2.10791
577 1.811638 2.097171
578 1.811637 2.129622
579 1.811633 2.111528
580 1.811632 2.106546
581 1.811631 2.12797
582 1.811631 2.120836
583 1.811631 2.095139
584 1.811622 2.08653
585 1.811622 2.111901
586 1.811621 2.100759
587 1.811616 2.121633
588 1.811611 2.114805
589 1.81161 2.09596
590 1.811609 2.109521
591 1.811609 2.132269
592 1.811608 2.106148
593 1.811607 2.126934
594 1.811607 2.092694
595 1.811607 2.089086
596 1.811607 2.111557
597 1.811607 2.103002
598 1.811605 2.109922
599 1.811603 2.12401
600 1.811601 2.100522
601 1.811601 2.13139
602 1.811601 2.100096
603 1.811601 2.141632
604 1.811601 2.108374
605 1.811592 2.108899
606 1.811591 2.122255
607 1.811587 2.109642
608 1.811586 2.125871
609 1.811586 2.110488
610 1.811586 2.096364
611 1.811585 2.105587
612 1.811583 2.103612
613 1.81158 2.123986
614 1.811578 2.135703
615 1.811578 2.112206
616 1.811576 2.115883
617 1.811574 2.110658
618 1.811574 2.100406
619 1.811573 2.110509
620 1.811573 2.093138
621 1.811573 2.095129
622 1.811573 2.111108
623 1.811573 2.118223
624 1.811571 2.117195
625 1.811571 2.110731
626 1.811571 2.113604
627 1.811571 2.10796
628 1.811571 2.117337
629 1.811571 2.099447
630 1.811568 2.112519
631 1.811565 2.119365
632 1.811563 2.103026
633 1.811563 2.101038
634 1.811562 2.111353
635 1.811562 2.112934
636 1.811561 2.08127
637 1.811559 2.125109
638 1.811559 2.125895
639 1.811557 2.127169
640 1.811556 2.079897
641 1.811556 2.102099
642 1.811556 2.110318
643 1.811554 2.11373
644 1.811553 2.10726
645 1.811553 2.111468
646 1.811549 2.125429
647 1.811549 2.108849
648 1.811546 2.113297
649 1.811544 2.101138
650 1.811543 2.108283
651 1.811542 2.125211
652 1.811542 2.113902
653 1.811542 2.095336
654 1.811542 2.119312
655 1.81154 2.111537
656 1.811539 2.107496
657 1.811535 2.127135
658 1.811535 2.127047
659 1.811533 2.105355
660 1.811532 2.115001
661 1.811531 2.134511
662 1.811531 2.095926
663 1.811531 2.106243
664 1.811531 2.111357
665 1.811531 2.102829
666 1.81153 2.101636
667 1.81153 2.114924
668 1.81153 2.118694
669 1.811529 2.090929
670 1.811529 2.091514
671 1.811528 2.111892
672 1.811527 2.09087
673 1.811527 2.114646
674 1.811527 2.101782
675 1.811527 2.11865
676 1.811527 2.107015
677 1.811526 2.100931
678 1.811526 2.093021
679 1.811526 2.111193
680 1.811526 2.084565
681 1.811526 2.107227
682 1.811526 2.126623
683 1.811523 2.101945
684 1.811523 2.094849
685 1.811523 2.08724
686 1.811523 2.108792
687 1.811523 2.127274
688 1.811522 2.101547
689 1.811522 2.095321
690 1.811521 2.106641
691 1.81152 2.122376
692 1.81152 2.104764
693 1.811519 2.106473
694 1.81151 2.114581
695 1.81151 2.104978
696 1.811509 2.1249
697 1.811509 2.096277
698 1.811507 2.132665
699 1.811507 2.099522
700 1.811507 2.127142
701 1.811507 2.100965
702 1.811507 2.114024
703 1.811506 2.124742
704 1.811506 2.090153
705 1.811506 2.110077
706 1.811506 2.109093
707 1.811505 2.098709
708 1.811502 2.093285
709 1.811502 2.101701
710 1.811501 2.098343
711 1.811501 2.116
712 1.8115 2.125165
713 1.8115 2.107236
714 1.811497 2.102921
715 1.811497 2.117167
716 1.811497 2.120172
717 1.811497 2.119545
718 1.811497 2.096018
719 1.811497 2.11207
720 1.811497 2.12818
721 1.811497 2.117773
722 1.811496 2.094114
723 1.811496 2.108364
724 1.811496 2.087774
725 1.811496 2.088529
726 1.811495 2.098225
727 1.811495 2.094804
728 1.811493 2.135284
729 1.811491 2.10758
730 1.811491 2.142228
731 1.811491 2.118034
732 1.81149 2.146535
733 1.81149 2.118379
734 1.81149 2.111705
735 1.81149 2.123196
736 1.81149 2.080372
737 1.81149 2.10669
738 1.81149 2.116967
739 1.811489 2.119423
740 1.811488 2.098119
741 1.811488 2.10476
742 1.811488 2.104251
743 1.811488 2.103851
744 1.811488 2.094366
745 1.811487 2.102164
746 1.811487 2.144883
747 1.811487 2.110788
748 1.811486 2.115436
749 1.811485 2.115574
750 1.811485 2.12572
751 1.811484 2.110367
752 1.811484 2.100413
753 1.811484 2.106761
754 1.811483 2.112028
755 1.811483 2.116007
756 1.811481 2.107379
757 1.81148 2.100483
758 1.81148 2.133212
759 1.81148 2.105367
760 1.811479 2.11147
761 1.811478 2.082771
762 1.811478 2.104952
763 1.811476 2.134643
764 1.811476 2.098886
765 1.811476 2.107688
766 1.811476 2.107316
767 1.811476 2.115038
768 1.811476 2.101524
769 1.811476 2.108602
770 1.811475 2.090096
771 1.811475 2.089558
772 1.811475 2.099982
773 1.811475 2.1017
774 1.811475 2.114606
775 1.811475 2.109039
776 1.811475 2.136751
777 1.811475 2.108172
778 1.811474 2.105638
779 1.811474 2.118453
780 1.811474 2.115208
781 1.811474 2.122623
782 1.811473 2.107698
783 1.811473 2.122154
784 1.811473 2.110427
785 1.811473 2.099073
786 1.811473 2.11618
787 1.811472 2.075789
788 1.811472 2.120383
789 1.811471 2.108432
790 1.811471 2.111586
791 1.811471 2.134212
792 1.811471 2.11606
793 1.81147 2.109194
794 1.811469 2.101218
795 1.811469 2.084438
796 1.811469 2.10501
797 1.811469 2.099521
798 1.811468 2.105232
799 1.811468 2.089203
800 1.811468 2.119326
801 1.811468 2.124844
802 1.811468 2.086551
803 1.811468 2.1148
804 1.811468 2.11333
805 1.811468 2.107989
806 1.811468 2.101647
807 1.811466 2.093967
808 1.811466 2.123191
809 1.811462 2.101964
810 1.811461 2.117492
811 1.81146 2.105046
812 1.81146 2.09958
813 1.81146 2.111417
814 1.81146 2.117382
815 1.81146 2.101332
816 1.81146 2.120697
817 1.811452 2.106483
818 1.811452 2.089851
819 1.81145 2.11059
820 1.81145 2.143086
821 1.81145 2.097214
822 1.81145 2.106919
823 1.811449 2.109729
824 1.811449 2.095851
825 1.811449 2.109197
826 1.811449 2.129214
827 1.811449 2.125662
828 1.811447 2.126925
829 1.811446 2.116024
830 1.811444 2.103639
831 1.811444 2.111603
832 1.811444 2.12244
833 1.811444 2.10116
834 1.811444 2.09262
835 1.811442 2.067823
836 1.811442 2.119392
837 1.811442 2.118251
838 1.811442 2.127198
839 1.811442 2.109438
840 1.811441 2.117604
841 1.811441 2.10225
842 1.811439 2.101264
843 1.811439 2.131666
844 1.811437 2.117824
845 1.811437 2.113575
846 1.811437 2.099174
847 1.811436 2.112089
848 1.811436 2.11852
849 1.811435 2.1119
850 1.811435 2.130874
851 1.811435 2.122801
852 1.811434 2.130113
853 1.811434 2.105995
854 1.811434 2.094467
855 1.811434 2.098225
856 1.811434 2.100065
857 1.811433 2.093822
858 1.811433 2.100527
859 1.811433 2.101325
860 1.811433 2.102646
861 1.811431 2.080869
862 1.811431 2.084683
863 1.81143 2.104453
864 1.81143 2.125205
865 1.81143 2.107947
866 1.81143 2.108189
867 1.81143 2.105228
868 1.811428 2.097046
869 1.811427 2.118764
870 1.811426 2.115656
871 1.811426 2.087474
872 1.811426 2.105989
873 1.811426 2.114137
874 1.811426 2.128101
875 1.811426 2.10925
876 1.811426 2.105571
877 1.811426 2.105112
878 1.811426 2.117852
879 1.811426 2.113788
880 1.811426 2.121763
881 1.811426 2.105636
882 1.811426 2.106957
883 1.811426 2.117591
884 1.811425 2.09804
885 1.811425 2.116655
886 1.811424 2.108775
887 1.811424 2.11127
888 1.811424 2.092656
889 1.811424 2.120005
890 1.811424 2.108354
891 1.811424 2.13192
892 1.811424 2.114293
893 1.811424 2.120243
894 1.811424 2.091853
895 1.811424 2.107521
896 1.811423 2.094963
897 1.811423 2.090409
898 1.811422 2.112078
899 1.811421 2.091314
900 1.811421 2.115778
901 1.81142 2.100652
902 1.81142 2.106668
903 1.81142 2.128059
904 1.81142 2.117422
905 1.81142 2.104885
906 1.81142 2.124143
907 1.811419 2.109824
908 1.811419 2.103834
909 1.811419 2.098796
910 1.811419 2.103213
911 1.811419 2.099831
912 1.811419 2.126767
913 1.811418 2.107925
914 1.811418 2.095546
915 1.811418 2.111989
916 1.811418 2.10471
917 1.811418 2.109528
918 1.811417 2.112695
919 1.811417 2.110571
920 1.811416 2.113487
921 1.811416 2.099572
922 1.811416 2.121574
923 1.811415 2.09498
924 1.811414 2.105567
925 1.811414 2.113025
926 1.811414 2.127219
927 1.811414 2.127278
928 1.811413 2.11329
929 1.811413 2.109757
930 1.811411 2.123368
931 1.811411 2.112206
932 1.81141 2.105888
933 1.81141 2.111142
934 1.811409 2.115561
935 1.811409 2.123909
936 1.811407 2.112351
937 1.811406 2.117095
938 1.811405 2.111476
939 1.811399 2.122003
940 1.811399 2.116881
941 1.811398 2.094705
942 1.811397 2.100414
943 1.811397 2.081089
944 1.811397 2.101058
945 1.811397 2.111603
946 1.811397 2.115633
947 1.811395 2.108896
948 1.811395 2.115312
949 1.811395 2.089701
950 1.811394 2.113067
951 1.811391 2.111225
952 1.811391 2.116204
953 1.81139 2.110166
954 1.81139 2.12105
955 1.81139 2.109119
956 1.81139 2.103819
957 1.81139 2.094651
958 1.81139 2.106662
959 1.81139 2.074147
960 1.81139 2.114
961 1.81139 2.126071
962 1.81139 2.11694
963 1.81139 2.123335
964 1.81139 2.103717
965 1.81139 2.093315
966 1.81139 2.101285
967 1.811389 2.099289
968 1.811389 2.118894
969 1.811389 2.115914
970 1.811389 2.125738
971 1.811389 2.131398
972 1.811386 2.121514
973 1.811386 2.106838
974 1.811377 2.09394
975 1.811377 2.090024
976 1.811376 2.106708
977 1.811376 2.117592
978 1.811376 2.116189
979 1.811376 2.1074
980 1.811376 2.100388
981 1.811376 2.117384
982 1.811376 2.121148
983 1.811376 2.096622
984 1.811376 2.111607
985 1.811376 2.111304
986 1.811375 2.094608
987 1.811375 2.091563
988 1.811375 2.125885
989 1.811375 2.129602
990 1.811375 2.119862
991 1.811374 2.102807
992 1.811373 2.106186
993 1.811372 2.105974
994 1.811372 2.123063
995 1.811372 2.13271
996 1.811372 2.12412
997 1.811372 2.117575
998 1.811372 2.130799
999 1.811372 2.108234

