StartPoint = (0, 5)
EndPoint = (10, 0)
N Points = 20
Selection = Tournament
Tournament Size = 100
NCrossings = 4
NGenerations = 1000
PopulationSize = 100
MutationProb = 0.1
CrossoverProb = 0.9
MutationType = Gaussian
Elistic = 40


Best Result(mean): 1.81109

0 4.720885 7.857968
1 3.818328 5.947195
2 3.286812 4.764834
3 2.94888 4.187631
4 2.686963 3.868694
5 2.542902 3.764542
6 2.455155 3.581662
7 2.398381 3.648845
8 2.358936 3.655051
9 2.322729 3.604826
10 2.300568 3.560403
11 2.284007 3.601892
12 2.269856 3.464623
13 2.257977 3.54338
14 2.250525 3.500948
15 2.245651 3.525707
16 2.239311 3.484381
17 2.231434 3.51923
18 2.226897 3.469692
19 2.220896 3.429873
20 2.211214 3.460398
21 2.205664 3.458566
22 2.201375 3.358142
23 2.193957 3.374036
24 2.191048 3.328786
25 2.187668 3.242707
26 2.182678 3.200873
27 2.180429 3.287565
28 2.175502 3.220528
29 2.173155 3.172355
30 2.167903 3.181757
31 2.164115 3.142646
32 2.160989 3.110085
33 2.157965 3.16669
34 2.154632 3.092114
35 2.151838 3.099986
36 2.148481 3.094822
37 2.147139 3.144761
38 2.144724 3.013268
39 2.141697 3.08894
40 2.140067 3.020981
41 2.137839 3.025379
42 2.134267 3.00082
43 2.129326 3.017025
44 2.128437 3.023789
45 2.126812 3.014355
46 2.123261 2.978645
47 2.119634 2.92468
48 2.116168 2.879483
49 2.112529 2.834314
50 2.107969 2.811677
51 2.105262 2.778658
52 2.100404 2.778415
53 2.095189 2.725648
54 2.091979 2.718632
55 2.088334 2.749023
56 2.08386 2.703469
57 2.077881 2.652129
58 2.073203 2.643039
59 2.06836 2.628959
60 2.063766 2.628604
61 2.056745 2.579738
62 2.054332 2.62772
63 2.050041 2.618946
64 2.04505 2.586212
65 2.039786 2.556351
66 2.037091 2.565962
67 2.031442 2.544932
68 2.02641 2.545228
69 2.02273 2.480165
70 2.020788 2.521665
71 2.016438 2.510005
72 2.013832 2.509042
73 2.011726 2.454494
74 2.006832 2.420219
75 1.997496 2.416103
76 1.993137 2.446856
77 1.990642 2.446287
78 1.986948 2.440383
79 1.982461 2.457431
80 1.979929 2.398144
81 1.977686 2.39821
82 1.975095 2.382775
83 1.973624 2.395468
84 1.969161 2.420955
85 1.966646 2.378075
86 1.963208 2.372196
87 1.959648 2.378359
88 1.95554 2.349747
89 1.953109 2.319358
90 1.950195 2.327895
91 1.947353 2.335027
92 1.945748 2.303567
93 1.941146 2.338206
94 1.937549 2.319315
95 1.933088 2.2965
96 1.930213 2.306851
97 1.927605 2.300154
98 1.926556 2.290669
99 1.922427 2.285184
100 1.921164 2.28601
101 1.920195 2.262187
102 1.917773 2.277754
103 1.916834 2.272527
104 1.914057 2.297653
105 1.912279 2.299546
106 1.910423 2.273913
107 1.908761 2.267179
108 1.906706 2.294655
109 1.905778 2.256499
110 1.905218 2.251088
111 1.903429 2.276727
112 1.902329 2.251348
113 1.901068 2.271757
114 1.899586 2.24256
115 1.898827 2.240214
116 1.897452 2.212704
117 1.896586 2.228615
118 1.896017 2.244523
119 1.894835 2.21945
120 1.892895 2.256315
121 1.890786 2.221161
122 1.889468 2.196033
123 1.888034 2.211526
124 1.884534 2.183139
125 1.883116 2.191328
126 1.881866 2.167651
127 1.88101 2.170949
128 1.879374 2.182355
129 1.878542 2.150343
130 1.877287 2.167303
131 1.873347 2.149417
132 1.870571 2.142654
133 1.870144 2.149456
134 1.867777 2.139458
135 1.866743 2.140359
136 1.866066 2.159873
137 1.864515 2.144441
138 1.861853 2.153697
139 1.860908 2.157581
140 1.859639 2.125377
141 1.858726 2.142268
142 1.857135 2.138327
143 1.855931 2.12562
144 1.855296 2.122174
145 1.853573 2.103129
146 1.851546 2.113346
147 1.849332 2.125785
148 1.848029 2.131709
149 1.84735 2.108495
150 1.846344 2.123664
151 1.845244 2.122361
152 1.843853 2.114917
153 1.84165 2.1038
154 1.8406 2.127237
155 1.839477 2.101342
156 1.837669 2.124797
157 1.836506 2.090116
158 1.834404 2.113019
159 1.83343 2.082435
160 1.832718 2.103073
161 1.830675 2.093532
162 1.829232 2.094107
163 1.829141 2.103647
164 1.828585 2.093607
165 1.827636 2.08816
166 1.827194 2.099709
167 1.826756 2.083073
168 1.826154 2.085485
169 1.825913 2.075051
170 1.825373 2.105762
171 1.824455 2.08467
172 1.823551 2.092802
173 1.823164 2.092903
174 1.823062 2.07245
175 1.822798 2.080408
176 1.822661 2.093831
177 1.822378 2.08355
178 1.822318 2.078106
179 1.822091 2.089758
180 1.821852 2.087302
181 1.821315 2.068803
182 1.821053 2.086402
183 1.820832 2.081144
184 1.820726 2.075531
185 1.820571 2.077552
186 1.82038 2.084982
187 1.820241 2.090507
188 1.820171 2.08993
189 1.819997 2.094517
190 1.819885 2.086565
191 1.819375 2.098009
192 1.81923 2.090055
193 1.819111 2.094194
194 1.819038 2.063188
195 1.818952 2.096579
196 1.818894 2.095587
197 1.818868 2.087669
198 1.818737 2.090182
199 1.818695 2.095686
200 1.818603 2.084754
201 1.818569 2.102308
202 1.818504 2.082201
203 1.818478 2.081258
204 1.818359 2.091823
205 1.818207 2.082286
206 1.818015 2.080993
207 1.817948 2.06864
208 1.81772 2.069165
209 1.817648 2.058593
210 1.817598 2.108828
211 1.817551 2.08208
212 1.817474 2.063825
213 1.817398 2.084082
214 1.817328 2.092101
215 1.817186 2.085111
216 1.816946 2.065405
217 1.816852 2.075014
218 1.816822 2.069317
219 1.816685 2.112343
220 1.816597 2.082287
221 1.816372 2.100295
222 1.816212 2.083747
223 1.816175 2.090862
224 1.816158 2.065761
225 1.816043 2.083376
226 1.816025 2.065203
227 1.815966 2.063271
228 1.815884 2.095405
229 1.815873 2.091179
230 1.815782 2.08051
231 1.815588 2.091836
232 1.815578 2.071279
233 1.815534 2.088402
234 1.815451 2.072793
235 1.815364 2.065768
236 1.815308 2.077001
237 1.815286 2.070541
238 1.815259 2.085696
239 1.815227 2.085436
240 1.815194 2.079951
241 1.81516 2.080853
242 1.815043 2.092736
243 1.81494 2.08362
244 1.814901 2.076128
245 1.814887 2.069642
246 1.814837 2.092683
247 1.814803 2.081024
248 1.814771 2.070557
249 1.814751 2.07364
250 1.81473 2.063054
251 1.814599 2.065605
252 1.814596 2.089503
253 1.814534 2.063428
254 1.81452 2.08143
255 1.814504 2.090635
256 1.814454 2.066687
257 1.814442 2.082795
258 1.814395 2.074109
259 1.814348 2.092055
260 1.81433 2.068156
261 1.814172 2.081391
262 1.814161 2.083791
263 1.814138 2.073285
264 1.814087 2.07283
265 1.814033 2.079728
266 1.814001 2.095232
267 1.813951 2.087926
268 1.81394 2.07742
269 1.813935 2.068267
270 1.813889 2.060884
271 1.813869 2.061166
272 1.813841 2.087242
273 1.813788 2.074165
274 1.813773 2.072925
275 1.813771 2.060306
276 1.813753 2.10289
277 1.813719 2.06173
278 1.813699 2.089754
279 1.813655 2.088307
280 1.813598 2.081406
281 1.813585 2.080674
282 1.813539 2.089395
283 1.813514 2.088202
284 1.813488 2.063876
285 1.813482 2.093822
286 1.813445 2.083852
287 1.81344 2.080311
288 1.813417 2.072541
289 1.813414 2.093135
290 1.813377 2.074152
291 1.813372 2.092082
292 1.813333 2.076828
293 1.813329 2.089843
294 1.813328 2.084677
295 1.813291 2.075553
296 1.813277 2.091239
297 1.813244 2.092075
298 1.813203 2.093287
299 1.81316 2.066766
300 1.813142 2.081774
301 1.813115 2.077798
302 1.813108 2.089942
303 1.813087 2.084348
304 1.813079 2.080781
305 1.813076 2.069694
306 1.813055 2.073409
307 1.813041 2.066882
308 1.813016 2.090152
309 1.813011 2.083225
310 1.813 2.074819
311 1.813 2.082401
312 1.813 2.081488
313 1.812996 2.077134
314 1.812994 2.073651
315 1.812993 2.087713
316 1.812991 2.076337
317 1.812968 2.086029
318 1.812956 2.076802
319 1.812955 2.093429
320 1.812933 2.086989
321 1.812926 2.076897
322 1.812911 2.086907
323 1.812896 2.07972
324 1.812884 2.079434
325 1.812847 2.070296
326 1.812841 2.075601
327 1.812839 2.081633
328 1.81283 2.093164
329 1.812803 2.083875
330 1.812776 2.056112
331 1.812775 2.081057
332 1.812763 2.085983
333 1.812756 2.066579
334 1.812723 2.061486
335 1.8127 2.095841
336 1.812691 2.075431
337 1.812669 2.074519
338 1.812664 2.059529
339 1.812657 2.087155
340 1.812643 2.083318
341 1.812634 2.082897
342 1.812607 2.076558
343 1.8126 2.059788
344 1.812574 2.065427
345 1.812572 2.097029
346 1.812557 2.084143
347 1.812546 2.095047
348 1.812532 2.067594
349 1.81252 2.06707
350 1.812481 2.082563
351 1.812474 2.093038
352 1.812467 2.078124
353 1.812445 2.085647
354 1.812437 2.081003
355 1.812427 2.085016
356 1.812425 2.104256
357 1.812418 2.07541
358 1.812417 2.074074
359 1.812406 2.072976
360 1.812399 2.100189
361 1.812388 2.08079
362 1.812385 2.07638
363 1.812385 2.06515
364 1.812385 2.061301
365 1.812379 2.073106
366 1.812371 2.081318
367 1.812355 2.073731
368 1.812349 2.081218
369 1.812349 2.100286
370 1.812348 2.096763
371 1.812347 2.088368
372 1.812337 2.080975
373 1.812329 2.06302
374 1.812318 2.082101
375 1.812303 2.081936
376 1.812301 2.071896
377 1.812271 2.072504
378 1.812271 2.089292
379 1.81227 2.085872
380 1.812265 2.092779
381 1.812242 2.076745
382 1.812227 2.075519
383 1.812222 2.076757
384 1.812218 2.082048
385 1.812215 2.08424
386 1.812211 2.10312
387 1.812202 2.082726
388 1.812194 2.078662
389 1.812189 2.08516
390 1.812185 2.092321
391 1.812179 2.090446
392 1.812176 2.063801
393 1.812174 2.070325
394 1.812172 2.066483
395 1.812164 2.081688
396 1.812146 2.085861
397 1.812137 2.083624
398 1.812137 2.082925
399 1.812136 2.090076
400 1.812119 2.06904
401 1.812111 2.070619
402 1.812101 2.087895
403 1.812101 2.073686
404 1.8121 2.070112
405 1.812099 2.102339
406 1.812096 2.091658
407 1.81209 2.066575
408 1.812085 2.087431
409 1.812075 2.096525
410 1.81207 2.071008
411 1.812069 2.078191
412 1.812068 2.092908
413 1.812062 2.071225
414 1.812062 2.07373
415 1.812054 2.067371
416 1.812049 2.085035
417 1.812047 2.074488
418 1.812047 2.09151
419 1.812045 2.104396
420 1.812039 2.082364
421 1.812038 2.095683
422 1.812034 2.06931
423 1.812029 2.088523
424 1.812024 2.07811
425 1.812024 2.06364
426 1.812021 2.081927
427 1.812009 2.072082
428 1.812005 2.072005
429 1.812005 2.072881
430 1.81199 2.084979
431 1.811968 2.051407
432 1.811965 2.086243
433 1.811954 2.085987
434 1.811949 2.086567
435 1.811848 2.100111
436 1.811837 2.070554
437 1.811836 2.083024
438 1.811832 2.068148
439 1.81182 2.072663
440 1.811819 2.103343
441 1.811814 2.071571
442 1.811811 2.067725
443 1.811811 2.062919
444 1.811807 2.087304
445 1.811798 2.09129
446 1.811793 2.072194
447 1.811793 2.08123
448 1.811793 2.090307
449 1.811782 2.0783
450 1.811776 2.063696
451 1.811776 2.107457
452 1.811768 2.081306
453 1.811766 2.08955
454 1.81176 2.08455
455 1.811759 2.081902
456 1.811751 2.075314
457 1.811749 2.088435
458 1.811749 2.082488
459 1.811727 2.0871
460 1.811722 2.092477
461 1.811719 2.082983
462 1.811711 2.092192
463 1.81171 2.081306
464 1.81171 2.080789
465 1.811693 2.083826
466 1.81169 2.105589
467 1.811678 2.096504
468 1.811674 2.088112
469 1.811669 2.090466
470 1.811661 2.089982
471 1.811655 2.085554
472 1.811655 2.088856
473 1.811654 2.09368
474 1.811653 2.072919
475 1.811649 2.067809
476 1.811648 2.073699
477 1.811648 2.075727
478 1.811642 2.086993
479 1.811635 2.081047
480 1.811634 2.060948
481 1.81163 2.059469
482 1.811629 2.088382
483 1.811628 2.083339
484 1.811624 2.093177
485 1.811623 2.083038
486 1.811614 2.05689
487 1.81161 2.073911
488 1.811607 2.099114
489 1.811605 2.075067
490 1.811601 2.093957
491 1.811591 2.08507
492 1.811584 2.067504
493 1.811582 2.094113
494 1.811582 2.081846
495 1.811581 2.0755
496 1.811581 2.084002
497 1.811577 2.066311
498 1.811567 2.089621
499 1.811565 2.105601
500 1.811557 2.080193
501 1.811554 2.086638
502 1.811554 2.080416
503 1.811554 2.092893
504 1.811553 2.09236
505 1.811553 2.076322
506 1.811548 2.092805
507 1.811548 2.096413
508 1.811546 2.097815
509 1.811545 2.086648
510 1.811545 2.090451
511 1.811542 2.073328
512 1.811539 2.077925
513 1.811539 2.069334
514 1.81153 2.09618
515 1.811528 2.081231
516 1.811527 2.082908
517 1.811525 2.091447
518 1.811522 2.10227
519 1.811519 2.085934
520 1.811518 2.09826
521 1.811517 2.070491
522 1.811508 2.074158
523 1.811505 2.063544
524 1.811504 2.086649
525 1.811501 2.082353
526 1.8115 2.094462
527 1.811499 2.081503
528 1.811497 2.09142
529 1.811494 2.061042
530 1.811494 2.076413
531 1.811492 2.070552
532 1.811491 2.080666
533 1.811483 2.089146
534 1.811482 2.076924
535 1.811478 2.100697
536 1.811476 2.069753
537 1.811475 2.07954
538 1.811474 2.073385
539 1.811473 2.097073
540 1.811473 2.102732
541 1.811473 2.090375
542 1.811473 2.075289
543 1.81147 2.076043
544 1.811467 2.094484
545 1.811467 2.084195
546 1.811465 2.084784
547 1.811464 2.082539
548 1.811464 2.066579
549 1.811463 2.068207
550 1.811461 2.086722
551 1.811461 2.068109
552 1.81146 2.076252
553 1.81146 2.098567
554 1.811459 2.108505
555 1.811459 2.083393
556 1.811459 2.070678
557 1.811454 2.086668
558 1.811454 2.074692
559 1.811452 2.079105
560 1.811446 2.098811
561 1.811446 2.083092
562 1.811445 2.093608
563 1.81144 2.070445
564 1.811439 2.0897
565 1.811438 2.093599
566 1.811438 2.07294
567 1.811438 2.073853
568 1.811437 2.083513
569 1.811436 2.07683
570 1.811434 2.105498
571 1.811434 2.077832
572 1.811434 2.080245
573 1.811432 2.079233
574 1.81143 2.082385
575 1.81143 2.077552
576 1.811428 2.095449
577 1.811427 2.070762
578 1.811427 2.07866
579 1.811426 2.075003
580 1.811424 2.076132
581 1.811414 2.081012
582 1.811414 2.074427
583 1.811413 2.081736
584 1.81141 2.085586
585 1.81141 2.076466
586 1.811406 2.091642
587 1.811406 2.087746
588 1.811405 2.070266
589 1.811404 2.07988
590 1.811403 2.06648
591 1.811403 2.082433
592 1.811402 2.085461
593 1.811401 2.083998
594 1.8114 2.09407
595 1.811399 2.077642
596 1.811394 2.070472
597 1.811389 2.087031
598 1.811389 2.081135
599 1.811386 2.08499
600 1.811386 2.098686
601 1.811385 2.079619
602 1.811383 2.072488
603 1.811383 2.090851
604 1.811381 2.083667
605 1.81138 2.097873
606 1.811379 2.095361
607 1.811374 2.079355
608 1.811374 2.081226
609 1.811368 2.079301
610 1.811367 2.081044
611 1.811367 2.088412
612 1.811367 2.068015
613 1.811365 2.065609
614 1.811361 2.087546
615 1.81136 2.086395
616 1.811358 2.083898
617 1.811357 2.083556
618 1.811357 2.069439
619 1.811356 2.085242
620 1.811356 2.078239
621 1.811356 2.079158
622 1.811355 2.057789
623 1.811355 2.0732
624 1.811355 2.079375
625 1.811355 2.08827
626 1.811355 2.091342
627 1.811355 2.099044
628 1.811355 2.093933
629 1.811354 2.078708
630 1.811354 2.052888
631 1.811352 2.099505
632 1.811352 2.0838
633 1.811351 2.047629
634 1.81135 2.088662
635 1.81135 2.075526
636 1.81135 2.08786
637 1.811349 2.066858
638 1.811349 2.069676
639 1.811349 2.075701
640 1.811348 2.078356
641 1.811348 2.072639
642 1.811344 2.075238
643 1.811344 2.076915
644 1.811342 2.081855
645 1.811342 2.074885
646 1.81134 2.077088
647 1.811337 2.078546
648 1.811333 2.092739
649 1.811332 2.093895
650 1.811331 2.08298
651 1.811331 2.086519
652 1.811329 2.0835
653 1.811329 2.081196
654 1.811329 2.075705
655 1.811326 2.079372
656 1.811325 2.091597
657 1.811325 2.084955
658 1.811324 2.060137
659 1.811309 2.064737
660 1.811309 2.071443
661 1.811308 2.088082
662 1.811307 2.078801
663 1.811306 2.083884
664 1.811306 2.076421
665 1.811305 2.081668
666 1.811305 2.081463
667 1.811304 2.089311
668 1.811303 2.081166
669 1.811302 2.074324
670 1.811298 2.07799
671 1.811297 2.07992
672 1.811296 2.076942
673 1.811296 2.08681
674 1.811296 2.077014
675 1.811296 2.053916
676 1.811296 2.080092
677 1.811291 2.060433
678 1.811291 2.087424
679 1.811286 2.07079
680 1.811285 2.070799
681 1.811285 2.081745
682 1.811284 2.071563
683 1.811282 2.058653
684 1.811282 2.08196
685 1.811279 2.081248
686 1.811279 2.088131
687 1.811278 2.079309
688 1.811275 2.078496
689 1.811275 2.09115
690 1.811273 2.093123
691 1.811273 2.078264
692 1.81127 2.085273
693 1.811269 2.088262
694 1.811268 2.067027
695 1.811268 2.091234
696 1.811268 2.090081
697 1.811266 2.095321
698 1.811264 2.083453
699 1.811264 2.089804
700 1.811264 2.095059
701 1.811264 2.091979
702 1.811263 2.089818
703 1.811262 2.094951
704 1.811262 2.079119
705 1.811262 2.086366
706 1.81126 2.07142
707 1.81126 2.07822
708 1.81126 2.080455
709 1.811259 2.074156
710 1.811257 2.076318
711 1.811257 2.089631
712 1.811257 2.08258
713 1.811257 2.065396
714 1.811254 2.080423
715 1.811253 2.072787
716 1.811253 2.096422
717 1.811253 2.069801
718 1.811252 2.063794
719 1.811252 2.074984
720 1.811252 2.085677
721 1.81125 2.07873
722 1.81125 2.079985
723 1.81125 2.081844
724 1.811249 2.090282
725 1.811249 2.087317
726 1.811248 2.090818
727 1.811248 2.066937
728 1.811248 2.097986
729 1.811248 2.076079
730 1.811247 2.092311
731 1.811247 2.083025
732 1.811245 2.104815
733 1.811242 2.076667
734 1.811241 2.0769
735 1.811241 2.070889
736 1.81124 2.087022
737 1.811239 2.087796
738 1.811236 2.085079
739 1.811235 2.054871
740 1.811232 2.067996
741 1.811232 2.082849
742 1.811231 2.065682
743 1.811231 2.072152
744 1.811229 2.086268
745 1.811229 2.084159
746 1.811227 2.07025
747 1.811226 2.078584
748 1.811226 2.080165
749 1.811225 2.062476
750 1.811225 2.07547
751 1.81122 2.080426
752 1.81122 2.087786
753 1.811217 2.076843
754 1.811215 2.073483
755 1.811215 2.065417
756 1.811214 2.068034
757 1.811213 2.078745
758 1.811213 2.08084
759 1.811213 2.082225
760 1.811212 2.068961
761 1.811212 2.088921
762 1.811212 2.069365
763 1.811208 2.085092
764 1.811208 2.075669
765 1.811207 2.077505
766 1.811204 2.087377
767 1.811203 2.072232
768 1.811202 2.067426
769 1.811202 2.087737
770 1.811201 2.070284
771 1.811201 2.07338
772 1.811199 2.068997
773 1.811194 2.087036
774 1.811193 2.075689
775 1.811193 2.0687
776 1.811193 2.076771
777 1.811192 2.090061
778 1.811192 2.065834
779 1.811192 2.100147
780 1.811191 2.072541
781 1.811191 2.088156
782 1.811189 2.084233
783 1.811189 2.079116
784 1.811189 2.071021
785 1.811189 2.081283
786 1.811189 2.085424
787 1.811189 2.089304
788 1.811189 2.092035
789 1.811189 2.078086
790 1.811188 2.079001
791 1.811188 2.070338
792 1.811188 2.082382
793 1.811188 2.091924
794 1.811187 2.066728
795 1.811187 2.087361
796 1.811187 2.078085
797 1.811186 2.063426
798 1.811185 2.084419
799 1.811185 2.080142
800 1.811185 2.092725
801 1.811179 2.086469
802 1.811179 2.058302
803 1.811179 2.079199
804 1.811179 2.085473
805 1.811179 2.080222
806 1.811178 2.088392
807 1.811177 2.095984
808 1.811176 2.090837
809 1.811174 2.080737
810 1.811174 2.084985
811 1.811174 2.08607
812 1.811174 2.090867
813 1.811174 2.081766
814 1.811174 2.101909
815 1.811173 2.082008
816 1.811172 2.08032
817 1.811172 2.081396
818 1.811172 2.092547
819 1.811172 2.07825
820 1.811171 2.08179
821 1.811171 2.093007
822 1.81117 2.075232
823 1.81117 2.077964
824 1.811169 2.074698
825 1.811169 2.055113
826 1.811168 2.092479
827 1.811167 2.075994
828 1.811166 2.076468
829 1.811166 2.081518
830 1.811165 2.065234
831 1.811165 2.076373
832 1.811164 2.077683
833 1.811164 2.070443
834 1.811164 2.073017
835 1.811163 2.094488
836 1.811163 2.083503
837 1.811159 2.092305
838 1.811159 2.083951
839 1.811158 2.068463
840 1.811158 2.094614
841 1.811158 2.075972
842 1.811158 2.086933
843 1.811158 2.08845
844 1.811158 2.087955
845 1.811158 2.097182
846 1.811157 2.077609
847 1.811157 2.073944
848 1.811157 2.073927
849 1.811157 2.077682
850 1.811157 2.088436
851 1.811149 2.088356
852 1.811149 2.074456
853 1.811148 2.076041
854 1.811148 2.081383
855 1.811148 2.085458
856 1.811148 2.06766
857 1.811147 2.072216
858 1.811147 2.097058
859 1.811147 2.096837
860 1.811147 2.084329
861 1.811143 2.084313
862 1.811143 2.095602
863 1.811142 2.075007
864 1.811142 2.0815
865 1.811142 2.089802
866 1.811141 2.075121
867 1.81114 2.093014
868 1.81114 2.064239
869 1.81114 2.080253
870 1.81114 2.087213
871 1.81114 2.064892
872 1.811136 2.09457
873 1.811135 2.080542
874 1.811135 2.065753
875 1.811135 2.090163
876 1.811135 2.082992
877 1.811134 2.081754
878 1.811134 2.075957
879 1.811133 2.062586
880 1.811133 2.083747
881 1.811133 2.066861
882 1.811133 2.082518
883 1.811133 2.071859
884 1.811133 2.076064
885 1.811133 2.066984
886 1.811132 2.079472
887 1.811132 2.101608
888 1.811132 2.06942
889 1.811132 2.087038
890 1.811131 2.090608
891 1.81113 2.085034
892 1.81113 2.079572
893 1.81113 2.079891
894 1.811129 2.093671
895 1.811129 2.090872
896 1.811129 2.105941
897 1.811129 2.086112
898 1.811128 2.087298
899 1.811128 2.096066
900 1.811127 2.065964
901 1.811125 2.083876
902 1.811125 2.050147
903 1.811123 2.080073
904 1.811123 2.085865
905 1.811123 2.067877
906 1.811123 2.077881
907 1.811121 2.099271
908 1.81112 2.064667
909 1.81112 2.09053
910 1.81112 2.074588
911 1.811119 2.065588
912 1.811118 2.088441
913 1.811118 2.080345
914 1.811118 2.081319
915 1.811118 2.066026
916 1.811118 2.085761
917 1.811117 2.08048
918 1.811117 2.069152
919 1.811117 2.088538
920 1.811117 2.074441
921 1.811117 2.067353
922 1.811116 2.066119
923 1.811116 2.094344
924 1.811116 2.076489
925 1.811116 2.074438
926 1.811115 2.059626
927 1.811115 2.07985
928 1.811115 2.084624
929 1.811114 2.073359
930 1.811113 2.073445
931 1.81111 2.087589
932 1.81111 2.069476
933 1.81111 2.092349
934 1.811109 2.087289
935 1.811109 2.083159
936 1.811108 2.083145
937 1.811108 2.059573
938 1.811108 2.043729
939 1.811108 2.087439
940 1.811108 2.069083
941 1.811108 2.092892
942 1.811108 2.09837
943 1.811106 2.083259
944 1.811106 2.077613
945 1.811106 2.066863
946 1.811106 2.082731
947 1.811104 2.08725
948 1.811104 2.097737
949 1.811104 2.079386
950 1.811103 2.087049
951 1.811103 2.074796
952 1.811102 2.088624
953 1.811102 2.100482
954 1.811102 2.078874
955 1.811101 2.084966
956 1.8111 2.089364
957 1.8111 2.078691
958 1.811099 2.073237
959 1.811099 2.092882
960 1.811098 2.081247
961 1.811098 2.088051
962 1.811098 2.079589
963 1.811098 2.07798
964 1.811097 2.094337
965 1.811097 2.078108
966 1.811097 2.075358
967 1.811096 2.075449
968 1.811096 2.068207
969 1.811096 2.074791
970 1.811096 2.070773
971 1.811095 2.077161
972 1.811095 2.0776
973 1.811094 2.101566
974 1.811094 2.085653
975 1.811094 2.082696
976 1.811094 2.079089
977 1.811093 2.090214
978 1.811093 2.074778
979 1.811093 2.076052
980 1.811093 2.07132
981 1.811093 2.081938
982 1.811093 2.092632
983 1.811093 2.072233
984 1.811092 2.079681
985 1.811092 2.061079
986 1.811092 2.083197
987 1.811092 2.103299
988 1.811092 2.089285
989 1.811092 2.075969
990 1.811092 2.08134
991 1.811092 2.070487
992 1.811092 2.076145
993 1.811092 2.086992
994 1.811092 2.075068
995 1.811092 2.073599
996 1.811091 2.087741
997 1.811091 2.066722
998 1.81109 2.089838
999 1.81109 2.083511

