StartPoint = (0, 5)
EndPoint = (10, 0)
N Points = 20
Selection = Tournament
Tournament Size = 5
NCrossings = 4
NGenerations = 1000
PopulationSize = 100
MutationProb = 0.1
CrossoverProb = 0.3
MutationType = Random
Elistic = 40


Best Result(mean): 1.812418

0 4.907832 7.877253
1 3.826499 6.166213
2 3.397259 5.409217
3 3.102438 5.049403
4 2.863974 4.832154
5 2.722095 4.579755
6 2.646086 4.522689
7 2.591558 4.363647
8 2.530113 4.28039
9 2.478913 4.326111
10 2.4546 4.368933
11 2.423436 4.262921
12 2.394598 4.190189
13 2.37019 4.181893
14 2.358479 4.218831
15 2.34452 4.165593
16 2.334869 4.140174
17 2.325715 4.083288
18 2.313131 4.066366
19 2.304277 4.080346
20 2.291881 4.058644
21 2.283756 4.110888
22 2.275968 4.076545
23 2.270219 4.063228
24 2.264544 3.988856
25 2.259104 4.002612
26 2.254113 4.057268
27 2.250487 3.990648
28 2.248205 3.931037
29 2.240585 3.912758
30 2.237084 3.912084
31 2.233241 3.956274
32 2.231815 3.883924
33 2.229404 3.927924
34 2.22753 3.876316
35 2.225232 3.900702
36 2.221887 3.858029
37 2.216709 3.862893
38 2.214961 3.871283
39 2.209717 3.796459
40 2.206639 3.823326
41 2.199556 3.788784
42 2.194042 3.729083
43 2.188798 3.760304
44 2.185276 3.734154
45 2.18279 3.6774
46 2.178936 3.752621
47 2.176294 3.669886
48 2.172945 3.701998
49 2.167333 3.677057
50 2.161473 3.622975
51 2.158283 3.619644
52 2.155183 3.650193
53 2.150852 3.606506
54 2.148166 3.564476
55 2.139646 3.517094
56 2.135401 3.438445
57 2.13314 3.45809
58 2.129247 3.409369
59 2.125261 3.47225
60 2.119718 3.442247
61 2.115207 3.413904
62 2.113396 3.424406
63 2.109723 3.403653
64 2.107024 3.411122
65 2.105762 3.368624
66 2.103664 3.367273
67 2.100136 3.33812
68 2.09862 3.316129
69 2.09768 3.346707
70 2.093165 3.296138
71 2.091876 3.266516
72 2.089514 3.260269
73 2.087643 3.301206
74 2.083548 3.264419
75 2.078285 3.270655
76 2.076107 3.182795
77 2.072154 3.236784
78 2.070571 3.145718
79 2.064881 3.143182
80 2.062336 3.160754
81 2.057613 3.160542
82 2.055452 3.091467
83 2.05282 3.096277
84 2.046483 3.04285
85 2.043757 3.077704
86 2.039659 3.089593
87 2.036766 3.082848
88 2.034771 2.996014
89 2.033212 3.009933
90 2.030871 2.963197
91 2.029305 3.000866
92 2.026191 2.997771
93 2.020923 2.911701
94 2.019353 2.968612
95 2.017397 2.956114
96 2.015259 2.948311
97 2.014127 2.915603
98 2.012513 2.880195
99 2.011009 2.951218
100 2.005733 2.863562
101 2.003866 2.930999
102 2.001487 2.916135
103 1.997595 2.854462
104 1.995172 2.842457
105 1.994314 2.886212
106 1.992214 2.833531
107 1.990777 2.891397
108 1.9896 2.845763
109 1.986885 2.835341
110 1.982984 2.80161
111 1.981901 2.788423
112 1.980132 2.809335
113 1.975901 2.780922
114 1.975459 2.761446
115 1.972699 2.777854
116 1.97142 2.791255
117 1.970273 2.753632
118 1.968039 2.775711
119 1.964353 2.77474
120 1.961727 2.736161
121 1.961135 2.771615
122 1.957268 2.711354
123 1.954595 2.738321
124 1.947322 2.713502
125 1.944253 2.668742
126 1.943382 2.682992
127 1.940552 2.662549
128 1.938429 2.625511
129 1.936561 2.635015
130 1.934777 2.652868
131 1.93434 2.614516
132 1.933235 2.606724
133 1.930615 2.620844
134 1.92995 2.649405
135 1.928811 2.636016
136 1.927879 2.598403
137 1.926145 2.609621
138 1.923651 2.571959
139 1.922563 2.569879
140 1.921356 2.560767
141 1.920255 2.60566
142 1.918932 2.554349
143 1.917143 2.577749
144 1.916563 2.552802
145 1.91493 2.546391
146 1.913441 2.567748
147 1.91215 2.55762
148 1.910181 2.515461
149 1.908723 2.534136
150 1.907502 2.530552
151 1.90688 2.521453
152 1.906167 2.491961
153 1.904688 2.517396
154 1.904129 2.531331
155 1.903706 2.48846
156 1.902397 2.489515
157 1.90068 2.506063
158 1.899594 2.487588
159 1.898153 2.487462
160 1.897111 2.485208
161 1.896063 2.477004
162 1.895368 2.447994
163 1.893922 2.460189
164 1.892095 2.46683
165 1.891912 2.440376
166 1.890789 2.428239
167 1.890477 2.442145
168 1.889995 2.478523
169 1.889853 2.462884
170 1.889253 2.461238
171 1.888523 2.441688
172 1.886069 2.459407
173 1.885083 2.461127
174 1.884142 2.430176
175 1.88311 2.442296
176 1.882751 2.457593
177 1.881576 2.412441
178 1.880912 2.429765
179 1.879107 2.435206
180 1.877827 2.419471
181 1.87564 2.388938
182 1.874994 2.422765
183 1.874566 2.392724
184 1.87426 2.408294
185 1.873078 2.39586
186 1.872554 2.393401
187 1.87191 2.387423
188 1.871207 2.404435
189 1.871033 2.413873
190 1.87077 2.388089
191 1.870078 2.402214
192 1.869935 2.360475
193 1.868578 2.364587
194 1.86805 2.365077
195 1.867669 2.375128
196 1.86727 2.370156
197 1.866968 2.377804
198 1.866316 2.392109
199 1.866172 2.391101
200 1.865684 2.38828
201 1.865056 2.358623
202 1.864514 2.358295
203 1.86413 2.370944
204 1.863728 2.390064
205 1.863194 2.370166
206 1.862749 2.372468
207 1.862636 2.381747
208 1.861972 2.378312
209 1.861015 2.362921
210 1.860847 2.369079
211 1.860469 2.365574
212 1.858193 2.363836
213 1.857445 2.379799
214 1.856737 2.388127
215 1.855936 2.36625
216 1.85561 2.36307
217 1.854962 2.353656
218 1.854925 2.351052
219 1.854448 2.375609
220 1.854309 2.359355
221 1.853722 2.380695
222 1.853549 2.372478
223 1.853037 2.365961
224 1.852853 2.362333
225 1.852653 2.348138
226 1.852291 2.366241
227 1.851908 2.339539
228 1.851891 2.356708
229 1.85142 2.363012
230 1.850896 2.356263
231 1.850633 2.367365
232 1.850168 2.365093
233 1.849848 2.360469
234 1.849433 2.363536
235 1.849386 2.352167
236 1.849134 2.355609
237 1.849063 2.3622
238 1.848759 2.35641
239 1.848597 2.347684
240 1.848231 2.337637
241 1.848201 2.356107
242 1.848072 2.333745
243 1.847858 2.353835
244 1.847569 2.335598
245 1.847499 2.359008
246 1.847181 2.353808
247 1.846887 2.337984
248 1.846453 2.328755
249 1.846321 2.326121
250 1.846157 2.35311
251 1.846058 2.344527
252 1.845791 2.379012
253 1.845744 2.353026
254 1.845637 2.365605
255 1.845272 2.358353
256 1.845022 2.341697
257 1.844869 2.350951
258 1.844703 2.349488
259 1.844541 2.365369
260 1.844514 2.340503
261 1.844226 2.348979
262 1.843948 2.3266
263 1.843941 2.341386
264 1.843729 2.345983
265 1.843717 2.340179
266 1.843231 2.344617
267 1.842748 2.331831
268 1.842512 2.341146
269 1.842214 2.335511
270 1.841943 2.325854
271 1.841866 2.352156
272 1.841728 2.34605
273 1.841433 2.351839
274 1.841286 2.356076
275 1.841166 2.342846
276 1.840898 2.339104
277 1.840733 2.352827
278 1.840695 2.341376
279 1.840494 2.358966
280 1.840463 2.328959
281 1.840326 2.35019
282 1.840287 2.340856
283 1.840249 2.356713
284 1.84011 2.357286
285 1.839979 2.344083
286 1.839835 2.344836
287 1.839773 2.301836
288 1.839632 2.330155
289 1.839586 2.328516
290 1.839563 2.339566
291 1.839527 2.345685
292 1.839352 2.333462
293 1.839348 2.331268
294 1.839175 2.325847
295 1.838989 2.337595
296 1.838893 2.333997
297 1.838835 2.343327
298 1.83877 2.347626
299 1.838494 2.348072
300 1.838469 2.339648
301 1.838313 2.353927
302 1.837864 2.356256
303 1.837557 2.315398
304 1.837403 2.333462
305 1.837154 2.324751
306 1.837124 2.325336
307 1.836828 2.340275
308 1.836635 2.347681
309 1.836387 2.350897
310 1.83636 2.349398
311 1.836338 2.340329
312 1.836337 2.331942
313 1.836311 2.344291
314 1.835888 2.344298
315 1.835771 2.332271
316 1.835689 2.308136
317 1.835552 2.309312
318 1.835511 2.316798
319 1.835462 2.331166
320 1.835292 2.336597
321 1.835175 2.318626
322 1.834984 2.348196
323 1.834862 2.321119
324 1.834819 2.318846
325 1.834756 2.325942
326 1.834633 2.352287
327 1.834553 2.323534
328 1.83426 2.326221
329 1.834235 2.34405
330 1.834156 2.332735
331 1.834069 2.333819
332 1.833982 2.333727
333 1.833908 2.337231
334 1.833894 2.325126
335 1.833875 2.319595
336 1.833772 2.35495
337 1.833577 2.334817
338 1.833454 2.324345
339 1.83342 2.322509
340 1.833313 2.331092
341 1.833237 2.331277
342 1.833109 2.312242
343 1.833038 2.335609
344 1.832959 2.327866
345 1.832771 2.319516
346 1.832658 2.305219
347 1.832417 2.348728
348 1.831931 2.316995
349 1.831722 2.320085
350 1.830816 2.300044
351 1.830644 2.316725
352 1.830623 2.318882
353 1.829841 2.286076
354 1.829667 2.289178
355 1.829665 2.289787
356 1.829607 2.281149
357 1.829484 2.308758
358 1.829469 2.293729
359 1.829329 2.292064
360 1.828972 2.28472
361 1.828953 2.281169
362 1.827644 2.285448
363 1.82763 2.297362
364 1.827504 2.303465
365 1.82733 2.289495
366 1.827074 2.289852
367 1.826948 2.296889
368 1.826687 2.279705
369 1.826629 2.292316
370 1.826104 2.29371
371 1.826092 2.286893
372 1.825976 2.289649
373 1.825868 2.291632
374 1.825556 2.286609
375 1.825533 2.288045
376 1.825265 2.294888
377 1.824715 2.288957
378 1.824443 2.278438
379 1.824378 2.274071
380 1.824299 2.3066
381 1.824299 2.288547
382 1.823405 2.283115
383 1.823341 2.279032
384 1.823321 2.286031
385 1.823253 2.311526
386 1.823196 2.291778
387 1.823167 2.298163
388 1.822921 2.273901
389 1.822882 2.28652
390 1.822836 2.272279
391 1.822775 2.283862
392 1.822234 2.300041
393 1.821661 2.286755
394 1.821579 2.274574
395 1.821579 2.268535
396 1.821558 2.284364
397 1.821489 2.275717
398 1.821468 2.285038
399 1.821291 2.286077
400 1.821233 2.285629
401 1.82119 2.287889
402 1.821114 2.296826
403 1.820795 2.29936
404 1.820689 2.286871
405 1.820485 2.315761
406 1.820473 2.300331
407 1.820202 2.286198
408 1.820162 2.265131
409 1.8201 2.287222
410 1.820054 2.280833
411 1.820054 2.29196
412 1.820007 2.279237
413 1.819974 2.291284
414 1.819906 2.268455
415 1.819884 2.297101
416 1.819878 2.287226
417 1.819808 2.281635
418 1.8198 2.274064
419 1.819776 2.269108
420 1.819704 2.275079
421 1.819701 2.279274
422 1.819604 2.277188
423 1.819571 2.298177
424 1.819531 2.29268
425 1.819484 2.289385
426 1.819237 2.280734
427 1.819231 2.274105
428 1.819179 2.270065
429 1.819171 2.284693
430 1.819164 2.287805
431 1.819153 2.279245
432 1.819147 2.273825
433 1.819128 2.273062
434 1.819095 2.275455
435 1.819073 2.276983
436 1.819069 2.280093
437 1.819066 2.287373
438 1.819044 2.252515
439 1.818997 2.27529
440 1.818994 2.273254
441 1.818931 2.276868
442 1.818807 2.272226
443 1.818781 2.271718
444 1.818775 2.267571
445 1.818674 2.26359
446 1.818647 2.280128
447 1.818456 2.265827
448 1.818456 2.269623
449 1.818446 2.266534
450 1.818445 2.2728
451 1.81838 2.294781
452 1.818223 2.294706
453 1.81809 2.274073
454 1.818055 2.292232
455 1.818055 2.282855
456 1.818026 2.273025
457 1.817998 2.288221
458 1.817997 2.283141
459 1.817975 2.26674
460 1.817973 2.270792
461 1.817958 2.290144
462 1.817951 2.295262
463 1.81795 2.269926
464 1.817901 2.27226
465 1.817881 2.271472
466 1.817875 2.289068
467 1.817875 2.263421
468 1.817796 2.273445
469 1.817787 2.276242
470 1.817707 2.275535
471 1.8177 2.283775
472 1.817698 2.282316
473 1.817688 2.280951
474 1.817556 2.266953
475 1.817554 2.271099
476 1.81753 2.281166
477 1.817516 2.293081
478 1.817501 2.271123
479 1.817475 2.270267
480 1.817307 2.27355
481 1.817253 2.262161
482 1.817204 2.279791
483 1.817198 2.272196
484 1.817156 2.267122
485 1.817156 2.292229
486 1.817152 2.286288
487 1.817122 2.257165
488 1.817122 2.286198
489 1.817119 2.293182
490 1.817087 2.27215
491 1.817036 2.271701
492 1.816818 2.27136
493 1.816782 2.28726
494 1.816782 2.291477
495 1.816772 2.266101
496 1.816761 2.27299
497 1.816699 2.303919
498 1.816654 2.262583
499 1.816652 2.297626
500 1.816548 2.269561
501 1.816258 2.272481
502 1.816254 2.283362
503 1.816246 2.264267
504 1.816242 2.282902
505 1.816241 2.278767
506 1.816183 2.275666
507 1.816169 2.279042
508 1.816141 2.274055
509 1.816137 2.26903
510 1.81612 2.26065
511 1.816118 2.288743
512 1.816059 2.280541
513 1.816052 2.275064
514 1.816051 2.277474
515 1.816024 2.272117
516 1.815981 2.26746
517 1.815978 2.286855
518 1.815957 2.284225
519 1.815891 2.272092
520 1.81586 2.265901
521 1.815842 2.265205
522 1.81584 2.269357
523 1.81583 2.287562
524 1.815791 2.273659
525 1.815762 2.263824
526 1.815747 2.2729
527 1.81574 2.271555
528 1.815724 2.263384
529 1.815714 2.274054
530 1.815643 2.28444
531 1.815623 2.281422
532 1.815596 2.28466
533 1.815559 2.280678
534 1.815521 2.26799
535 1.815499 2.298178
536 1.815447 2.276144
537 1.815432 2.282902
538 1.815404 2.278594
539 1.815381 2.265641
540 1.815355 2.270563
541 1.815355 2.285368
542 1.815345 2.290259
543 1.815313 2.256431
544 1.815281 2.282202
545 1.815209 2.273908
546 1.815186 2.278236
547 1.815174 2.27328
548 1.815162 2.289608
549 1.815145 2.255069
550 1.815124 2.272364
551 1.815115 2.265902
552 1.815102 2.251214
553 1.815077 2.261391
554 1.815073 2.276546
555 1.815069 2.256
556 1.815061 2.278717
557 1.815051 2.267024
558 1.81503 2.279692
559 1.815005 2.271635
560 1.814968 2.277599
561 1.814963 2.265194
562 1.814951 2.264496
563 1.814936 2.257408
564 1.814911 2.25845
565 1.814901 2.271124
566 1.814898 2.272151
567 1.81485 2.263916
568 1.814838 2.292121
569 1.814819 2.252257
570 1.814816 2.279794
571 1.814816 2.261048
572 1.814697 2.272599
573 1.814694 2.279394
574 1.814692 2.257483
575 1.814682 2.273884
576 1.814682 2.262518
577 1.814676 2.272576
578 1.81467 2.282691
579 1.814627 2.252919
580 1.81462 2.272932
581 1.81462 2.264872
582 1.814613 2.278077
583 1.814607 2.28058
584 1.81459 2.265542
585 1.814561 2.25263
586 1.81456 2.250832
587 1.814559 2.28355
588 1.814558 2.27478
589 1.814558 2.282787
590 1.814552 2.267249
591 1.814552 2.263615
592 1.814547 2.258848
593 1.81454 2.277406
594 1.814539 2.272329
595 1.814539 2.264358
596 1.814524 2.265959
597 1.8145 2.264759
598 1.814477 2.271706
599 1.814477 2.265931
600 1.814477 2.27887
601 1.814477 2.286135
602 1.81447 2.29126
603 1.814468 2.257547
604 1.814468 2.285931
605 1.814457 2.276517
606 1.814434 2.255711
607 1.814407 2.28304
608 1.814397 2.272761
609 1.814397 2.28802
610 1.814392 2.284693
611 1.814386 2.27433
612 1.814381 2.283369
613 1.814375 2.293466
614 1.814362 2.281624
615 1.814361 2.277011
616 1.814353 2.263911
617 1.814331 2.292417
618 1.814323 2.274604
619 1.814309 2.277071
620 1.814306 2.258966
621 1.814294 2.265405
622 1.814266 2.250312
623 1.81426 2.268532
624 1.814257 2.254097
625 1.814246 2.280338
626 1.814223 2.275815
627 1.814223 2.265647
628 1.814214 2.253037
629 1.814214 2.268509
630 1.814202 2.286899
631 1.81419 2.264851
632 1.81419 2.286288
633 1.814168 2.287044
634 1.814166 2.255979
635 1.814122 2.266743
636 1.814121 2.284358
637 1.81412 2.289165
638 1.814108 2.272784
639 1.814101 2.270055
640 1.814101 2.265901
641 1.814097 2.259285
642 1.814092 2.254865
643 1.814074 2.305818
644 1.81407 2.262206
645 1.814056 2.256917
646 1.814056 2.256579
647 1.814053 2.282175
648 1.814044 2.255398
649 1.814043 2.267718
650 1.81404 2.27042
651 1.814033 2.271886
652 1.814017 2.279781
653 1.814015 2.256018
654 1.814001 2.266414
655 1.813995 2.249085
656 1.813993 2.282107
657 1.813965 2.278924
658 1.813956 2.284665
659 1.813884 2.2753
660 1.813864 2.269048
661 1.813861 2.278234
662 1.813857 2.271524
663 1.813851 2.264296
664 1.813851 2.25998
665 1.813844 2.275913
666 1.813844 2.25148
667 1.813844 2.268887
668 1.813842 2.266763
669 1.813841 2.261356
670 1.813832 2.253436
671 1.813832 2.262818
672 1.813832 2.286205
673 1.813821 2.254737
674 1.813794 2.283253
675 1.813722 2.26846
676 1.813714 2.252998
677 1.813714 2.27233
678 1.813712 2.260693
679 1.813712 2.283411
680 1.813704 2.262572
681 1.813703 2.27045
682 1.8137 2.252561
683 1.813699 2.281055
684 1.813695 2.273205
685 1.813689 2.274029
686 1.813686 2.271957
687 1.813678 2.27111
688 1.81367 2.284556
689 1.813652 2.260654
690 1.813649 2.261847
691 1.813641 2.265964
692 1.813628 2.267213
693 1.813613 2.280301
694 1.813609 2.2811
695 1.813607 2.275711
696 1.813607 2.259342
697 1.813607 2.269336
698 1.813589 2.252845
699 1.813581 2.256368
700 1.813581 2.264005
701 1.813566 2.274737
702 1.813564 2.277159
703 1.81355 2.287162
704 1.813541 2.247306
705 1.813526 2.279905
706 1.813505 2.265213
707 1.813504 2.274552
708 1.813501 2.264002
709 1.813433 2.277043
710 1.813432 2.273123
711 1.81343 2.273407
712 1.81343 2.28157
713 1.813424 2.256298
714 1.813422 2.263656
715 1.813422 2.254726
716 1.813421 2.275421
717 1.813421 2.282206
718 1.813406 2.262748
719 1.813402 2.270164
720 1.813401 2.2707
721 1.813401 2.258888
722 1.813396 2.267532
723 1.813388 2.273769
724 1.813382 2.267802
725 1.813381 2.264852
726 1.813374 2.288728
727 1.813374 2.266415
728 1.813361 2.284279
729 1.813361 2.28133
730 1.813349 2.256217
731 1.813349 2.2636
732 1.813345 2.256729
733 1.813344 2.265021
734 1.813344 2.276054
735 1.813322 2.26711
736 1.813322 2.270312
737 1.813321 2.261675
738 1.813317 2.268009
739 1.813312 2.259042
740 1.813311 2.284711
741 1.813305 2.283738
742 1.813305 2.269569
743 1.813293 2.270327
744 1.813286 2.278247
745 1.813286 2.270228
746 1.813277 2.279598
747 1.813274 2.272522
748 1.813263 2.275144
749 1.813263 2.285265
750 1.813251 2.279739
751 1.813251 2.287131
752 1.813248 2.251653
753 1.813221 2.259083
754 1.813221 2.273324
755 1.81322 2.286561
756 1.813198 2.273381
757 1.813184 2.271199
758 1.813177 2.263362
759 1.813172 2.276745
760 1.813156 2.239392
761 1.813135 2.254353
762 1.813128 2.283347
763 1.813126 2.274134
764 1.813112 2.269613
765 1.813107 2.27258
766 1.813099 2.274852
767 1.813099 2.276383
768 1.813099 2.27288
769 1.813099 2.264314
770 1.813099 2.276575
771 1.81309 2.285935
772 1.81309 2.259169
773 1.813089 2.28952
774 1.813088 2.259151
775 1.813086 2.279006
776 1.813077 2.255244
777 1.813077 2.259527
778 1.81307 2.287212
779 1.81307 2.274067
780 1.81307 2.255923
781 1.813067 2.276816
782 1.813062 2.27499
783 1.813032 2.280351
784 1.813027 2.269658
785 1.813027 2.25629
786 1.813026 2.271084
787 1.813025 2.277847
788 1.813025 2.259318
789 1.813025 2.2621
790 1.813019 2.285216
791 1.813019 2.266529
792 1.813002 2.272384
793 1.813002 2.269633
794 1.812998 2.282467
795 1.812997 2.262104
796 1.812997 2.248325
797 1.812997 2.254432
798 1.812986 2.262835
799 1.812986 2.286806
800 1.812985 2.281159
801 1.812985 2.270141
802 1.812977 2.258604
803 1.812977 2.276211
804 1.812976 2.243639
805 1.812975 2.268791
806 1.81297 2.298585
807 1.812968 2.277598
808 1.81296 2.261867
809 1.812952 2.262718
810 1.812951 2.270177
811 1.812936 2.270311
812 1.812936 2.26698
813 1.812922 2.267906
814 1.812922 2.255974
815 1.812921 2.265154
816 1.81292 2.26754
817 1.81292 2.274709
818 1.812917 2.304575
819 1.812917 2.261413
820 1.812916 2.285418
821 1.812889 2.281586
822 1.812887 2.277688
823 1.812887 2.269287
824 1.812873 2.266501
825 1.812861 2.277525
826 1.812858 2.264706
827 1.812854 2.281309
828 1.812851 2.292209
829 1.812851 2.259629
830 1.812844 2.290229
831 1.812844 2.258535
832 1.812843 2.25933
833 1.812842 2.264596
834 1.812839 2.256415
835 1.812838 2.261559
836 1.812838 2.27418
837 1.812788 2.259686
838 1.812787 2.276445
839 1.812787 2.273973
840 1.812787 2.283374
841 1.812787 2.283323
842 1.812786 2.264438
843 1.812776 2.256392
844 1.812776 2.262634
845 1.812774 2.282403
846 1.812773 2.274145
847 1.812768 2.256174
848 1.812768 2.260709
849 1.812763 2.269805
850 1.812763 2.279499
851 1.812762 2.257212
852 1.81276 2.273525
853 1.812759 2.268009
854 1.812759 2.260392
855 1.812759 2.26939
856 1.812753 2.271586
857 1.812752 2.262526
858 1.812752 2.268463
859 1.81275 2.269685
860 1.812747 2.265176
861 1.812741 2.289018
862 1.81274 2.259118
863 1.812725 2.281747
864 1.812719 2.282311
865 1.812716 2.25357
866 1.812704 2.267105
867 1.812685 2.271319
868 1.812685 2.27085
869 1.812685 2.261365
870 1.812683 2.267244
871 1.812682 2.276001
872 1.81268 2.269294
873 1.812679 2.267828
874 1.812679 2.246885
875 1.812673 2.266181
876 1.812673 2.271941
877 1.812672 2.262035
878 1.812668 2.266388
879 1.812668 2.267837
880 1.812658 2.268192
881 1.812652 2.254229
882 1.812652 2.279422
883 1.812643 2.274995
884 1.812643 2.281768
885 1.812643 2.268048
886 1.812641 2.252016
887 1.812641 2.2598
888 1.81264 2.276107
889 1.81264 2.266748
890 1.812639 2.260346
891 1.812628 2.263628
892 1.812628 2.26762
893 1.812628 2.274088
894 1.812627 2.274415
895 1.812627 2.255467
896 1.812627 2.249125
897 1.812627 2.285723
898 1.812625 2.25923
899 1.812625 2.269959
900 1.812622 2.245901
901 1.812622 2.274159
902 1.812622 2.265774
903 1.81262 2.278495
904 1.81262 2.26454
905 1.812618 2.261327
906 1.812618 2.296786
907 1.812617 2.250751
908 1.812616 2.282043
909 1.812615 2.275823
910 1.812605 2.250582
911 1.812599 2.271987
912 1.812598 2.266318
913 1.812598 2.267053
914 1.812596 2.279282
915 1.812594 2.277562
916 1.812594 2.272274
917 1.812594 2.264827
918 1.812594 2.264632
919 1.81259 2.260055
920 1.812587 2.260039
921 1.812587 2.265634
922 1.812587 2.246825
923 1.812582 2.270116
924 1.812578 2.291629
925 1.812578 2.261611
926 1.812572 2.258031
927 1.812572 2.269899
928 1.812566 2.269328
929 1.812562 2.242914
930 1.812561 2.252788
931 1.812561 2.263971
932 1.812561 2.250773
933 1.81256 2.264475
934 1.812557 2.262534
935 1.812557 2.263969
936 1.812557 2.27516
937 1.812556 2.246523
938 1.812555 2.271729
939 1.812555 2.262908
940 1.812551 2.27055
941 1.812551 2.282651
942 1.812545 2.272496
943 1.812541 2.270318
944 1.812532 2.271275
945 1.812529 2.278945
946 1.812519 2.267181
947 1.812519 2.268216
948 1.812519 2.27573
949 1.812519 2.282282
950 1.812511 2.256247
951 1.812511 2.27167
952 1.812511 2.264274
953 1.812504 2.265362
954 1.812504 2.260587
955 1.8125 2.256547
956 1.812493 2.277648
957 1.812492 2.266203
958 1.812491 2.268791
959 1.812491 2.272765
960 1.812491 2.259617
961 1.812485 2.24527
962 1.812484 2.257955
963 1.812483 2.268595
964 1.812483 2.271166
965 1.812481 2.259725
966 1.812481 2.25739
967 1.812479 2.278906
968 1.812477 2.270256
969 1.812477 2.251682
970 1.812475 2.259033
971 1.812464 2.257126
972 1.81246 2.266843
973 1.81246 2.268022
974 1.812456 2.29556
975 1.81245 2.252942
976 1.812449 2.284056
977 1.812449 2.274269
978 1.812449 2.258077
979 1.812449 2.268496
980 1.812449 2.278801
981 1.812449 2.249972
982 1.812449 2.269925
983 1.812447 2.286146
984 1.812447 2.257297
985 1.812447 2.278101
986 1.812444 2.293867
987 1.812444 2.270034
988 1.812444 2.261033
989 1.812441 2.267684
990 1.81244 2.268185
991 1.81244 2.277771
992 1.812439 2.260631
993 1.812436 2.271144
994 1.812431 2.275166
995 1.812428 2.289385
996 1.812421 2.244026
997 1.81242 2.28078
998 1.812419 2.266128
999 1.812418 2.280933

