StartPoint = (0, 5)
EndPoint = (10, 0)
N Points = 20
Selection = Tournament
Tournament Size = 5
NCrossings = 4
NGenerations = 1000
PopulationSize = 100
MutationProb = 0.1
CrossoverProb = 0.5
MutationType = Random
Elistic = 40


Best Result(mean): 1.812059

0 4.631472 7.9013
1 3.672662 6.076421
2 3.228845 5.150252
3 2.973357 4.781579
4 2.832278 4.643491
5 2.69298 4.554178
6 2.607578 4.447868
7 2.533805 4.395859
8 2.486692 4.395734
9 2.463712 4.317474
10 2.418334 4.30277
11 2.400185 4.211776
12 2.384349 4.224222
13 2.372718 4.187266
14 2.355893 4.131456
15 2.342737 4.153452
16 2.33408 4.16408
17 2.32569 4.128888
18 2.315999 4.104567
19 2.308342 4.099933
20 2.302321 4.133446
21 2.297112 4.027768
22 2.285426 3.967357
23 2.277909 4.008
24 2.271692 4.012789
25 2.262233 3.914726
26 2.253041 3.889874
27 2.243075 3.990701
28 2.242215 3.855802
29 2.237756 3.905308
30 2.232921 3.856971
31 2.227973 3.904275
32 2.223977 3.915524
33 2.217517 3.866654
34 2.215425 3.783566
35 2.212312 3.784099
36 2.207615 3.861218
37 2.205937 3.803454
38 2.204617 3.830487
39 2.200122 3.79704
40 2.196499 3.749869
41 2.193198 3.703498
42 2.189383 3.71678
43 2.185432 3.723884
44 2.18382 3.726725
45 2.18103 3.706799
46 2.177853 3.685235
47 2.17603 3.646621
48 2.172992 3.571343
49 2.16875 3.514401
50 2.163305 3.566766
51 2.15583 3.460391
52 2.150459 3.451516
53 2.145608 3.453478
54 2.14217 3.395248
55 2.139182 3.334174
56 2.135561 3.387199
57 2.13188 3.412818
58 2.128428 3.309735
59 2.124404 3.382932
60 2.121441 3.275759
61 2.119472 3.332695
62 2.117331 3.33607
63 2.113656 3.302843
64 2.111017 3.308909
65 2.108139 3.268799
66 2.105973 3.21789
67 2.102177 3.210349
68 2.099139 3.236543
69 2.095157 3.207391
70 2.0937 3.176997
71 2.090403 3.216016
72 2.088809 3.172813
73 2.0866 3.140084
74 2.085727 3.199123
75 2.08103 3.192848
76 2.07714 3.164226
77 2.072145 3.107449
78 2.070368 3.114905
79 2.067615 3.096171
80 2.063748 3.081149
81 2.06102 3.090157
82 2.05966 3.031004
83 2.057087 3.081454
84 2.054018 3.089893
85 2.049723 3.10394
86 2.048632 3.069096
87 2.046902 3.073937
88 2.046263 3.041595
89 2.043795 3.055012
90 2.040637 3.024106
91 2.038665 2.99801
92 2.037016 3.018561
93 2.03614 3.041755
94 2.034543 3.022111
95 2.031951 3.022839
96 2.030782 3.014751
97 2.028459 3.050643
98 2.027328 2.982101
99 2.025102 2.994171
100 2.024114 2.96571
101 2.022524 3.002751
102 2.019706 2.973014
103 2.018833 2.95573
104 2.015896 2.927463
105 2.012411 2.975484
106 2.0112 2.919156
107 2.009781 2.962772
108 2.008486 2.914927
109 2.007668 2.949328
110 2.007484 2.951942
111 2.006293 2.933393
112 2.006026 2.9013
113 2.003938 2.974722
114 2.003168 2.859061
115 2.001797 2.884212
116 2.000884 2.886908
117 1.998612 2.865589
118 1.996849 2.85939
119 1.996254 2.85704
120 1.995655 2.913911
121 1.994006 2.812304
122 1.992782 2.84546
123 1.992397 2.860976
124 1.990516 2.858925
125 1.989748 2.865711
126 1.988511 2.851473
127 1.986957 2.826432
128 1.985657 2.880583
129 1.982136 2.777296
130 1.981389 2.850314
131 1.979607 2.788903
132 1.978268 2.767693
133 1.976659 2.769754
134 1.974921 2.743205
135 1.974158 2.772751
136 1.971372 2.734573
137 1.969737 2.735288
138 1.96671 2.713146
139 1.96562 2.755558
140 1.963389 2.753399
141 1.962819 2.762818
142 1.962518 2.742157
143 1.961114 2.720571
144 1.960258 2.72681
145 1.959276 2.681424
146 1.958633 2.74527
147 1.957672 2.675789
148 1.956727 2.713415
149 1.95626 2.708339
150 1.955765 2.766218
151 1.955182 2.725366
152 1.954215 2.704226
153 1.953142 2.709808
154 1.952098 2.724904
155 1.951185 2.718771
156 1.950397 2.704105
157 1.950156 2.696368
158 1.949341 2.674051
159 1.948469 2.695953
160 1.948158 2.661341
161 1.947739 2.701963
162 1.945576 2.634228
163 1.944765 2.651691
164 1.94331 2.674441
165 1.942687 2.666918
166 1.942248 2.658955
167 1.940983 2.647652
168 1.939287 2.63419
169 1.937286 2.645509
170 1.935224 2.604859
171 1.93394 2.621521
172 1.932802 2.639718
173 1.931483 2.58545
174 1.931387 2.59255
175 1.930419 2.62903
176 1.929204 2.591343
177 1.928518 2.579115
178 1.92709 2.600675
179 1.926783 2.61082
180 1.925675 2.579104
181 1.924564 2.61315
182 1.923101 2.608211
183 1.921348 2.578351
184 1.920577 2.564676
185 1.918642 2.615048
186 1.916873 2.54565
187 1.915956 2.553114
188 1.915594 2.536172
189 1.915076 2.560701
190 1.914426 2.59022
191 1.913369 2.600493
192 1.912993 2.563885
193 1.912302 2.529785
194 1.911207 2.552361
195 1.910033 2.547671
196 1.90881 2.537876
197 1.907946 2.563987
198 1.907572 2.556254
199 1.905403 2.53733
200 1.904355 2.540553
201 1.903993 2.509221
202 1.903051 2.54079
203 1.902056 2.521664
204 1.901481 2.508476
205 1.901 2.507522
206 1.900246 2.51574
207 1.898487 2.497897
208 1.898038 2.465909
209 1.896433 2.533509
210 1.894705 2.487486
211 1.893417 2.470644
212 1.892319 2.503689
213 1.892003 2.497647
214 1.891263 2.499256
215 1.890468 2.493405
216 1.890402 2.504954
217 1.889895 2.47545
218 1.88932 2.47756
219 1.889113 2.485933
220 1.887977 2.481381
221 1.887591 2.515883
222 1.886303 2.491696
223 1.885979 2.49305
224 1.885043 2.488109
225 1.884908 2.469637
226 1.884762 2.500841
227 1.883965 2.450056
228 1.882839 2.4702
229 1.882099 2.424336
230 1.882091 2.433028
231 1.880878 2.461436
232 1.880718 2.44942
233 1.880146 2.48239
234 1.878165 2.433731
235 1.877408 2.42974
236 1.877139 2.436088
237 1.877014 2.44981
238 1.875671 2.451495
239 1.874034 2.454472
240 1.873905 2.437296
241 1.873501 2.427451
242 1.87255 2.440974
243 1.871984 2.421653
244 1.871181 2.419259
245 1.871046 2.425947
246 1.870687 2.442823
247 1.870656 2.456384
248 1.870245 2.45918
249 1.869928 2.416487
250 1.869413 2.425945
251 1.869022 2.409332
252 1.868859 2.448356
253 1.86881 2.438478
254 1.868683 2.411284
255 1.868478 2.447303
256 1.867809 2.405375
257 1.867653 2.426205
258 1.867648 2.41586
259 1.867538 2.42927
260 1.86739 2.413856
261 1.866956 2.424114
262 1.866791 2.415774
263 1.866509 2.408379
264 1.865625 2.455059
265 1.86525 2.40338
266 1.865025 2.3979
267 1.864971 2.44251
268 1.864814 2.396563
269 1.864761 2.412365
270 1.864362 2.417195
271 1.863998 2.402088
272 1.863839 2.415999
273 1.863577 2.40203
274 1.862456 2.394394
275 1.862096 2.385161
276 1.862064 2.414756
277 1.861377 2.371367
278 1.860798 2.411204
279 1.86041 2.373973
280 1.859515 2.378816
281 1.858381 2.377948
282 1.857825 2.386037
283 1.857161 2.357174
284 1.856412 2.370892
285 1.855819 2.382269
286 1.855229 2.362264
287 1.854204 2.362808
288 1.853781 2.335196
289 1.85312 2.364424
290 1.852864 2.352701
291 1.851204 2.33818
292 1.851172 2.353671
293 1.850781 2.343856
294 1.850442 2.347206
295 1.850248 2.334682
296 1.849062 2.347526
297 1.848527 2.33635
298 1.848056 2.344486
299 1.848015 2.333969
300 1.847209 2.317004
301 1.846742 2.346655
302 1.846349 2.359591
303 1.845874 2.323955
304 1.844823 2.366694
305 1.844722 2.332115
306 1.843699 2.322637
307 1.843016 2.32153
308 1.842423 2.331137
309 1.84237 2.346557
310 1.842141 2.320179
311 1.841735 2.345275
312 1.841485 2.327888
313 1.840861 2.328123
314 1.840828 2.336339
315 1.840478 2.328515
316 1.840167 2.327218
317 1.83939 2.319832
318 1.839191 2.340268
319 1.838874 2.30816
320 1.8385 2.318872
321 1.838405 2.317205
322 1.838338 2.324827
323 1.83801 2.324038
324 1.837365 2.305596
325 1.837187 2.320946
326 1.837121 2.313206
327 1.837075 2.315908
328 1.836611 2.301838
329 1.83501 2.325469
330 1.834574 2.328917
331 1.834537 2.303971
332 1.834151 2.307233
333 1.833227 2.303333
334 1.833184 2.311416
335 1.833179 2.310777
336 1.833097 2.308496
337 1.832874 2.313668
338 1.832654 2.2882
339 1.832433 2.327366
340 1.832094 2.293589
341 1.831867 2.299179
342 1.831711 2.307169
343 1.831587 2.31015
344 1.831562 2.309229
345 1.831545 2.316419
346 1.831297 2.295014
347 1.831269 2.286542
348 1.831245 2.304024
349 1.830822 2.2954
350 1.830727 2.301545
351 1.830553 2.281331
352 1.830437 2.313153
353 1.830266 2.29554
354 1.830141 2.307302
355 1.829999 2.316949
356 1.829826 2.304983
357 1.829808 2.303914
358 1.829133 2.279191
359 1.829008 2.305748
360 1.828808 2.302837
361 1.82867 2.278073
362 1.828614 2.287366
363 1.828425 2.27836
364 1.827566 2.291703
365 1.827464 2.289875
366 1.827456 2.266475
367 1.827383 2.3009
368 1.82735 2.283019
369 1.827307 2.294472
370 1.827168 2.310585
371 1.827168 2.299204
372 1.826836 2.307204
373 1.826581 2.278965
374 1.826373 2.300616
375 1.826178 2.3004
376 1.82617 2.306336
377 1.826029 2.28422
378 1.82579 2.288308
379 1.825296 2.316855
380 1.825022 2.287915
381 1.824845 2.278309
382 1.82469 2.283403
383 1.824606 2.29869
384 1.824515 2.289747
385 1.824389 2.287434
386 1.823905 2.286125
387 1.823901 2.279446
388 1.823702 2.284243
389 1.823261 2.313892
390 1.822841 2.284152
391 1.822825 2.301431
392 1.822756 2.300234
393 1.822674 2.273385
394 1.822663 2.307907
395 1.822592 2.303654
396 1.822453 2.272864
397 1.822353 2.276585
398 1.822211 2.31675
399 1.822123 2.276816
400 1.8221 2.296074
401 1.822025 2.289509
402 1.821782 2.297308
403 1.821772 2.284725
404 1.821721 2.286116
405 1.821712 2.300983
406 1.82152 2.279355
407 1.821174 2.280528
408 1.821144 2.275235
409 1.821072 2.27178
410 1.821011 2.27967
411 1.821001 2.281402
412 1.820621 2.293492
413 1.820502 2.294655
414 1.820496 2.281703
415 1.820431 2.283995
416 1.820345 2.299285
417 1.820215 2.295854
418 1.820167 2.269306
419 1.820154 2.293945
420 1.820099 2.292014
421 1.82002 2.28949
422 1.819935 2.27411
423 1.819918 2.268686
424 1.819891 2.283237
425 1.819799 2.289579
426 1.819643 2.274877
427 1.819601 2.279555
428 1.819509 2.286088
429 1.819481 2.289617
430 1.819414 2.251165
431 1.819344 2.292993
432 1.819296 2.296366
433 1.819247 2.300591
434 1.819227 2.262722
435 1.819188 2.290107
436 1.819171 2.275746
437 1.819171 2.278667
438 1.819154 2.287079
439 1.819075 2.2738
440 1.818984 2.296411
441 1.818844 2.313806
442 1.818814 2.261869
443 1.818762 2.280833
444 1.818726 2.281614
445 1.818573 2.289123
446 1.818532 2.280158
447 1.818506 2.285244
448 1.818478 2.263826
449 1.818465 2.27584
450 1.818445 2.27174
451 1.818442 2.296294
452 1.818384 2.273611
453 1.818371 2.280158
454 1.818298 2.285348
455 1.81821 2.280663
456 1.818205 2.286401
457 1.818198 2.282785
458 1.818189 2.264965
459 1.818182 2.281878
460 1.81809 2.271106
461 1.818021 2.277972
462 1.81786 2.272291
463 1.817793 2.303387
464 1.817777 2.267529
465 1.817723 2.292321
466 1.817662 2.259352
467 1.817632 2.281419
468 1.817622 2.297912
469 1.817621 2.271298
470 1.817591 2.276663
471 1.817577 2.2772
472 1.817451 2.273415
473 1.817389 2.281078
474 1.817337 2.273736
475 1.817312 2.294398
476 1.817275 2.28111
477 1.81706 2.273788
478 1.817039 2.284461
479 1.816997 2.253501
480 1.816982 2.281894
481 1.816969 2.263881
482 1.81693 2.292877
483 1.81693 2.283804
484 1.816929 2.272398
485 1.816913 2.254262
486 1.816892 2.283017
487 1.816877 2.276883
488 1.816865 2.266835
489 1.816864 2.267068
490 1.816842 2.267514
491 1.816835 2.262463
492 1.816825 2.248497
493 1.816793 2.280422
494 1.81677 2.274482
495 1.816741 2.2677
496 1.81665 2.265022
497 1.816639 2.282306
498 1.816593 2.278541
499 1.816592 2.284457
500 1.816569 2.29524
501 1.81653 2.263547
502 1.816521 2.286562
503 1.816505 2.27753
504 1.816458 2.288357
505 1.816458 2.270903
506 1.816422 2.30145
507 1.816422 2.286935
508 1.81642 2.283324
509 1.816394 2.297447
510 1.816394 2.265772
511 1.816356 2.2734
512 1.816333 2.264974
513 1.816305 2.284251
514 1.816305 2.287858
515 1.816254 2.276784
516 1.816188 2.274208
517 1.8161 2.251353
518 1.816083 2.289418
519 1.816036 2.281772
520 1.816023 2.274035
521 1.816015 2.272953
522 1.816001 2.291889
523 1.815954 2.255431
524 1.81593 2.272778
525 1.81593 2.284162
526 1.815915 2.268228
527 1.815876 2.283657
528 1.815778 2.27172
529 1.815758 2.273773
530 1.815749 2.249192
531 1.815707 2.276539
532 1.815706 2.278012
533 1.815696 2.2808
534 1.81566 2.264636
535 1.815655 2.266826
536 1.815653 2.275739
537 1.815631 2.300379
538 1.815619 2.291005
539 1.815617 2.269828
540 1.815613 2.248192
541 1.815613 2.252739
542 1.815583 2.29688
543 1.815552 2.262588
544 1.815509 2.258479
545 1.815483 2.285012
546 1.815483 2.258285
547 1.815444 2.285249
548 1.815442 2.282345
549 1.815425 2.294852
550 1.815423 2.290079
551 1.815421 2.280056
552 1.815393 2.277737
553 1.815393 2.296613
554 1.815392 2.271363
555 1.815358 2.271738
556 1.815358 2.256748
557 1.815325 2.27497
558 1.815308 2.275778
559 1.815297 2.272311
560 1.815286 2.285604
561 1.815278 2.284312
562 1.815278 2.282554
563 1.815214 2.283078
564 1.815211 2.268825
565 1.815211 2.268821
566 1.815209 2.28728
567 1.815206 2.276345
568 1.815199 2.271585
569 1.815105 2.28062
570 1.815093 2.261151
571 1.815083 2.278152
572 1.815073 2.259798
573 1.815073 2.271487
574 1.815057 2.274344
575 1.815052 2.253818
576 1.815039 2.27349
577 1.814971 2.280752
578 1.814961 2.263487
579 1.814942 2.283764
580 1.814934 2.255443
581 1.814929 2.277595
582 1.814923 2.271926
583 1.814916 2.277503
584 1.814916 2.275644
585 1.814908 2.268073
586 1.814906 2.274785
587 1.81489 2.27088
588 1.814882 2.286036
589 1.814876 2.251179
590 1.814854 2.265401
591 1.814845 2.268424
592 1.814814 2.27584
593 1.814794 2.272494
594 1.814786 2.291803
595 1.814749 2.280371
596 1.814748 2.267863
597 1.814746 2.2633
598 1.814746 2.279218
599 1.814746 2.278805
600 1.81474 2.278303
601 1.814726 2.281047
602 1.814724 2.268241
603 1.814701 2.276056
604 1.814701 2.258689
605 1.814699 2.282653
606 1.814676 2.264052
607 1.814673 2.27458
608 1.814664 2.287881
609 1.814645 2.273517
610 1.814626 2.25464
611 1.814615 2.25124
612 1.814605 2.263174
613 1.814586 2.286601
614 1.814578 2.285705
615 1.814534 2.271859
616 1.814522 2.266013
617 1.814514 2.276399
618 1.814508 2.276179
619 1.814471 2.292735
620 1.81447 2.278072
621 1.814469 2.283891
622 1.814437 2.269553
623 1.814427 2.28434
624 1.814425 2.27418
625 1.814415 2.268302
626 1.814408 2.278034
627 1.814358 2.271302
628 1.814351 2.266928
629 1.814351 2.282386
630 1.814339 2.277745
631 1.814314 2.254392
632 1.814302 2.286431
633 1.814291 2.274585
634 1.814266 2.284073
635 1.814217 2.278035
636 1.814216 2.262198
637 1.814214 2.268503
638 1.814213 2.275548
639 1.814213 2.28477
640 1.814191 2.282839
641 1.814185 2.260284
642 1.814122 2.265946
643 1.814118 2.26519
644 1.81411 2.276259
645 1.81408 2.274696
646 1.814073 2.274016
647 1.814058 2.269512
648 1.814058 2.266292
649 1.814057 2.259033
650 1.814057 2.264416
651 1.814025 2.297311
652 1.814012 2.277923
653 1.81401 2.275057
654 1.814003 2.282
655 1.814003 2.275948
656 1.813989 2.279721
657 1.813987 2.26516
658 1.813986 2.269964
659 1.813985 2.267905
660 1.813985 2.288584
661 1.813984 2.266314
662 1.813981 2.278943
663 1.813975 2.264714
664 1.813936 2.256167
665 1.813912 2.280801
666 1.813898 2.267533
667 1.813897 2.252276
668 1.813859 2.290584
669 1.81385 2.269955
670 1.81385 2.254566
671 1.813846 2.274462
672 1.813827 2.274751
673 1.813818 2.280605
674 1.813781 2.265869
675 1.81377 2.266038
676 1.813728 2.269892
677 1.8137 2.26373
678 1.8137 2.285493
679 1.813685 2.263517
680 1.813672 2.272064
681 1.813656 2.261987
682 1.813655 2.265933
683 1.813647 2.270046
684 1.813642 2.265894
685 1.81363 2.258375
686 1.813614 2.277368
687 1.81361 2.261386
688 1.813602 2.248366
689 1.8136 2.248733
690 1.813599 2.246667
691 1.813597 2.272227
692 1.81359 2.240166
693 1.813576 2.276008
694 1.813572 2.275496
695 1.813538 2.286336
696 1.81352 2.278033
697 1.813514 2.257295
698 1.813488 2.282326
699 1.813476 2.274167
700 1.813472 2.274207
701 1.813468 2.264095
702 1.813452 2.282017
703 1.813443 2.25831
704 1.813442 2.269604
705 1.813439 2.276795
706 1.813439 2.261376
707 1.813438 2.260423
708 1.813438 2.279871
709 1.813433 2.260742
710 1.813433 2.277386
711 1.813433 2.287778
712 1.813433 2.268987
713 1.813425 2.277665
714 1.813412 2.266811
715 1.813412 2.278519
716 1.813412 2.277879
717 1.813404 2.272821
718 1.813391 2.281505
719 1.813384 2.240749
720 1.813354 2.277443
721 1.813354 2.289274
722 1.813328 2.287064
723 1.813319 2.283486
724 1.813316 2.278168
725 1.813316 2.265218
726 1.813296 2.264198
727 1.813293 2.280627
728 1.813293 2.281871
729 1.813269 2.276073
730 1.813265 2.271378
731 1.813259 2.256762
732 1.81324 2.275505
733 1.813239 2.295805
734 1.813214 2.288507
735 1.813183 2.25763
736 1.813181 2.251854
737 1.813179 2.27401
738 1.813174 2.263636
739 1.813174 2.294488
740 1.813163 2.250616
741 1.813158 2.290229
742 1.813158 2.272997
743 1.813157 2.27333
744 1.813157 2.280874
745 1.81315 2.286786
746 1.813133 2.266927
747 1.813127 2.263865
748 1.813127 2.27765
749 1.813121 2.253056
750 1.813119 2.291626
751 1.813115 2.260953
752 1.813109 2.272531
753 1.813109 2.247451
754 1.813108 2.25447
755 1.813101 2.261967
756 1.813098 2.288188
757 1.813098 2.282823
758 1.813095 2.264
759 1.813095 2.268246
760 1.813086 2.304372
761 1.813074 2.263985
762 1.813071 2.260389
763 1.813061 2.277148
764 1.813058 2.257596
765 1.813057 2.257607
766 1.813057 2.244382
767 1.813057 2.27861
768 1.813048 2.261034
769 1.813047 2.265958
770 1.813036 2.288956
771 1.813032 2.263694
772 1.813032 2.274526
773 1.813031 2.264835
774 1.813019 2.260746
775 1.813017 2.251929
776 1.813014 2.302271
777 1.813013 2.264502
778 1.813013 2.268788
779 1.813009 2.270131
780 1.813002 2.276369
781 1.812999 2.251779
782 1.812988 2.264239
783 1.812988 2.254243
784 1.812986 2.266409
785 1.812986 2.281245
786 1.812967 2.261325
787 1.812967 2.278762
788 1.812959 2.25948
789 1.812959 2.247577
790 1.812959 2.297678
791 1.812959 2.296962
792 1.812956 2.270994
793 1.812955 2.263256
794 1.812951 2.262547
795 1.812945 2.268091
796 1.812944 2.254561
797 1.812941 2.268191
798 1.812939 2.275986
799 1.812911 2.280538
800 1.812909 2.269181
801 1.812909 2.245297
802 1.812906 2.262897
803 1.812902 2.255118
804 1.812886 2.271632
805 1.812886 2.28561
806 1.81288 2.272994
807 1.812862 2.274745
808 1.812854 2.267227
809 1.812853 2.273925
810 1.81285 2.281104
811 1.812838 2.263896
812 1.812838 2.28636
813 1.812837 2.271284
814 1.812835 2.272012
815 1.812822 2.293761
816 1.812812 2.25636
817 1.812793 2.258621
818 1.812778 2.275769
819 1.812778 2.273084
820 1.812775 2.267252
821 1.812768 2.26101
822 1.812767 2.269257
823 1.812766 2.272199
824 1.812758 2.275448
825 1.812756 2.263168
826 1.812755 2.262953
827 1.812755 2.289418
828 1.812747 2.257071
829 1.812727 2.278133
830 1.812686 2.27132
831 1.812683 2.252595
832 1.812672 2.2677
833 1.812665 2.278121
834 1.812665 2.26667
835 1.812661 2.241723
836 1.812652 2.284842
837 1.812651 2.249408
838 1.81265 2.257425
839 1.81265 2.260685
840 1.812649 2.281616
841 1.812641 2.283709
842 1.812632 2.276901
843 1.812625 2.271729
844 1.812616 2.274801
845 1.812605 2.286124
846 1.812605 2.263232
847 1.812574 2.275673
848 1.812574 2.268337
849 1.81257 2.266006
850 1.81257 2.272058
851 1.812569 2.26794
852 1.812567 2.262411
853 1.812565 2.248111
854 1.812564 2.251011
855 1.812561 2.275816
856 1.81256 2.275504
857 1.812558 2.283237
858 1.812557 2.266192
859 1.812557 2.263332
860 1.812553 2.264735
861 1.812545 2.258815
862 1.812543 2.27915
863 1.812541 2.255544
864 1.812541 2.270614
865 1.812534 2.256881
866 1.812532 2.281659
867 1.81253 2.294937
868 1.81253 2.25419
869 1.812525 2.278252
870 1.812524 2.262041
871 1.812521 2.262462
872 1.812516 2.271652
873 1.812509 2.30045
874 1.812503 2.276783
875 1.812501 2.268439
876 1.812488 2.265929
877 1.812485 2.262115
878 1.812477 2.282609
879 1.812475 2.281729
880 1.812475 2.274644
881 1.812473 2.263701
882 1.812473 2.283964
883 1.812473 2.283386
884 1.812472 2.263664
885 1.812455 2.270422
886 1.812426 2.255939
887 1.812419 2.305291
888 1.812412 2.277645
889 1.812403 2.284699
890 1.812389 2.278542
891 1.812389 2.248911
892 1.812388 2.286153
893 1.812388 2.269875
894 1.812387 2.258932
895 1.81237 2.275367
896 1.812368 2.268618
897 1.812367 2.284181
898 1.812366 2.297681
899 1.812361 2.240992
900 1.812361 2.265542
901 1.81236 2.274777
902 1.812358 2.28361
903 1.812346 2.266198
904 1.812328 2.274037
905 1.812319 2.255488
906 1.812318 2.277766
907 1.812302 2.251359
908 1.812294 2.263455
909 1.812269 2.28022
910 1.812268 2.271057
911 1.812268 2.260783
912 1.812262 2.273208
913 1.812262 2.275174
914 1.812261 2.279946
915 1.812261 2.272536
916 1.812254 2.269803
917 1.812253 2.223802
918 1.812253 2.271102
919 1.812252 2.271481
920 1.812252 2.292942
921 1.812249 2.278873
922 1.812233 2.289608
923 1.812226 2.258635
924 1.812223 2.276189
925 1.812218 2.263008
926 1.812213 2.283649
927 1.812213 2.266118
928 1.812212 2.232582
929 1.812208 2.304669
930 1.812208 2.27181
931 1.812194 2.255566
932 1.812194 2.271177
933 1.812194 2.280266
934 1.812189 2.287072
935 1.812185 2.262975
936 1.812183 2.28143
937 1.812181 2.27201
938 1.812181 2.259576
939 1.812179 2.284919
940 1.812178 2.261287
941 1.812174 2.283229
942 1.812173 2.274169
943 1.812173 2.246765
944 1.812164 2.264073
945 1.812162 2.26897
946 1.812162 2.266137
947 1.812151 2.273793
948 1.812149 2.259838
949 1.812142 2.276247
950 1.812142 2.277335
951 1.812142 2.262519
952 1.812141 2.26937
953 1.812137 2.271837
954 1.812137 2.260437
955 1.812137 2.276882
956 1.812136 2.279975
957 1.812136 2.273567
958 1.812123 2.253958
959 1.812123 2.271217
960 1.812121 2.264094
961 1.81212 2.268949
962 1.812119 2.274174
963 1.812111 2.281651
964 1.812108 2.275771
965 1.812108 2.252431
966 1.812106 2.253274
967 1.812095 2.269255
968 1.812092 2.273172
969 1.812092 2.268273
970 1.812092 2.262298
971 1.812092 2.281014
972 1.812091 2.275375
973 1.812091 2.269193
974 1.812083 2.269187
975 1.812083 2.27333
976 1.812083 2.25751
977 1.812083 2.249528
978 1.812076 2.272706
979 1.812076 2.269556
980 1.812076 2.249565
981 1.812076 2.261101
982 1.812076 2.27042
983 1.812076 2.267755
984 1.812076 2.255691
985 1.812072 2.252111
986 1.812072 2.270306
987 1.812072 2.280704
988 1.812072 2.278044
989 1.812072 2.264558
990 1.812072 2.262318
991 1.81207 2.266278
992 1.81207 2.250419
993 1.81207 2.257414
994 1.812068 2.273526
995 1.812065 2.266442
996 1.812059 2.268624
997 1.812059 2.269772
998 1.812059 2.272918
999 1.812059 2.255019

