StartPoint = (0, 5)
EndPoint = (10, 0)
N Points = 20
Selection = Tournament
Tournament Size = 5
NCrossings = 4
NGenerations = 1000
PopulationSize = 40
MutationProb = 0.1
CrossoverProb = 0.3
MutationType = Random
Elistic = 40


Best Result(mean): 5.200696

0 5.200696 7.899156
1 5.200696 7.899156
2 5.200696 7.899156
3 5.200696 7.899156
4 5.200696 7.899156
5 5.200696 7.899156
6 5.200696 7.899156
7 5.200696 7.899156
8 5.200696 7.899156
9 5.200696 7.899156
10 5.200696 7.899156
11 5.200696 7.899156
12 5.200696 7.899156
13 5.200696 7.899156
14 5.200696 7.899156
15 5.200696 7.899156
16 5.200696 7.899156
17 5.200696 7.899156
18 5.200696 7.899156
19 5.200696 7.899156
20 5.200696 7.899156
21 5.200696 7.899156
22 5.200696 7.899156
23 5.200696 7.899156
24 5.200696 7.899156
25 5.200696 7.899156
26 5.200696 7.899156
27 5.200696 7.899156
28 5.200696 7.899156
29 5.200696 7.899156
30 5.200696 7.899156
31 5.200696 7.899156
32 5.200696 7.899156
33 5.200696 7.899156
34 5.200696 7.899156
35 5.200696 7.899156
36 5.200696 7.899156
37 5.200696 7.899156
38 5.200696 7.899156
39 5.200696 7.899156
40 5.200696 7.899156
41 5.200696 7.899156
42 5.200696 7.899156
43 5.200696 7.899156
44 5.200696 7.899156
45 5.200696 7.899156
46 5.200696 7.899156
47 5.200696 7.899156
48 5.200696 7.899156
49 5.200696 7.899156
50 5.200696 7.899156
51 5.200696 7.899156
52 5.200696 7.899156
53 5.200696 7.899156
54 5.200696 7.899156
55 5.200696 7.899156
56 5.200696 7.899156
57 5.200696 7.899156
58 5.200696 7.899156
59 5.200696 7.899156
60 5.200696 7.899156
61 5.200696 7.899156
62 5.200696 7.899156
63 5.200696 7.899156
64 5.200696 7.899156
65 5.200696 7.899156
66 5.200696 7.899156
67 5.200696 7.899156
68 5.200696 7.899156
69 5.200696 7.899156
70 5.200696 7.899156
71 5.200696 7.899156
72 5.200696 7.899156
73 5.200696 7.899156
74 5.200696 7.899156
75 5.200696 7.899156
76 5.200696 7.899156
77 5.200696 7.899156
78 5.200696 7.899156
79 5.200696 7.899156
80 5.200696 7.899156
81 5.200696 7.899156
82 5.200696 7.899156
83 5.200696 7.899156
84 5.200696 7.899156
85 5.200696 7.899156
86 5.200696 7.899156
87 5.200696 7.899156
88 5.200696 7.899156
89 5.200696 7.899156
90 5.200696 7.899156
91 5.200696 7.899156
92 5.200696 7.899156
93 5.200696 7.899156
94 5.200696 7.899156
95 5.200696 7.899156
96 5.200696 7.899156
97 5.200696 7.899156
98 5.200696 7.899156
99 5.200696 7.899156
100 5.200696 7.899156
101 5.200696 7.899156
102 5.200696 7.899156
103 5.200696 7.899156
104 5.200696 7.899156
105 5.200696 7.899156
106 5.200696 7.899156
107 5.200696 7.899156
108 5.200696 7.899156
109 5.200696 7.899156
110 5.200696 7.899156
111 5.200696 7.899156
112 5.200696 7.899156
113 5.200696 7.899156
114 5.200696 7.899156
115 5.200696 7.899156
116 5.200696 7.899156
117 5.200696 7.899156
118 5.200696 7.899156
119 5.200696 7.899156
120 5.200696 7.899156
121 5.200696 7.899156
122 5.200696 7.899156
123 5.200696 7.899156
124 5.200696 7.899156
125 5.200696 7.899156
126 5.200696 7.899156
127 5.200696 7.899156
128 5.200696 7.899156
129 5.200696 7.899156
130 5.200696 7.899156
131 5.200696 7.899156
132 5.200696 7.899156
133 5.200696 7.899156
134 5.200696 7.899156
135 5.200696 7.899156
136 5.200696 7.899156
137 5.200696 7.899156
138 5.200696 7.899156
139 5.200696 7.899156
140 5.200696 7.899156
141 5.200696 7.899156
142 5.200696 7.899156
143 5.200696 7.899156
144 5.200696 7.899156
145 5.200696 7.899156
146 5.200696 7.899156
147 5.200696 7.899156
148 5.200696 7.899156
149 5.200696 7.899156
150 5.200696 7.899156
151 5.200696 7.899156
152 5.200696 7.899156
153 5.200696 7.899156
154 5.200696 7.899156
155 5.200696 7.899156
156 5.200696 7.899156
157 5.200696 7.899156
158 5.200696 7.899156
159 5.200696 7.899156
160 5.200696 7.899156
161 5.200696 7.899156
162 5.200696 7.899156
163 5.200696 7.899156
164 5.200696 7.899156
165 5.200696 7.899156
166 5.200696 7.899156
167 5.200696 7.899156
168 5.200696 7.899156
169 5.200696 7.899156
170 5.200696 7.899156
171 5.200696 7.899156
172 5.200696 7.899156
173 5.200696 7.899156
174 5.200696 7.899156
175 5.200696 7.899156
176 5.200696 7.899156
177 5.200696 7.899156
178 5.200696 7.899156
179 5.200696 7.899156
180 5.200696 7.899156
181 5.200696 7.899156
182 5.200696 7.899156
183 5.200696 7.899156
184 5.200696 7.899156
185 5.200696 7.899156
186 5.200696 7.899156
187 5.200696 7.899156
188 5.200696 7.899156
189 5.200696 7.899156
190 5.200696 7.899156
191 5.200696 7.899156
192 5.200696 7.899156
193 5.200696 7.899156
194 5.200696 7.899156
195 5.200696 7.899156
196 5.200696 7.899156
197 5.200696 7.899156
198 5.200696 7.899156
199 5.200696 7.899156
200 5.200696 7.899156
201 5.200696 7.899156
202 5.200696 7.899156
203 5.200696 7.899156
204 5.200696 7.899156
205 5.200696 7.899156
206 5.200696 7.899156
207 5.200696 7.899156
208 5.200696 7.899156
209 5.200696 7.899156
210 5.200696 7.899156
211 5.200696 7.899156
212 5.200696 7.899156
213 5.200696 7.899156
214 5.200696 7.899156
215 5.200696 7.899156
216 5.200696 7.899156
217 5.200696 7.899156
218 5.200696 7.899156
219 5.200696 7.899156
220 5.200696 7.899156
221 5.200696 7.899156
222 5.200696 7.899156
223 5.200696 7.899156
224 5.200696 7.899156
225 5.200696 7.899156
226 5.200696 7.899156
227 5.200696 7.899156
228 5.200696 7.899156
229 5.200696 7.899156
230 5.200696 7.899156
231 5.200696 7.899156
232 5.200696 7.899156
233 5.200696 7.899156
234 5.200696 7.899156
235 5.200696 7.899156
236 5.200696 7.899156
237 5.200696 7.899156
238 5.200696 7.899156
239 5.200696 7.899156
240 5.200696 7.899156
241 5.200696 7.899156
242 5.200696 7.899156
243 5.200696 7.899156
244 5.200696 7.899156
245 5.200696 7.899156
246 5.200696 7.899156
247 5.200696 7.899156
248 5.200696 7.899156
249 5.200696 7.899156
250 5.200696 7.899156
251 5.200696 7.899156
252 5.200696 7.899156
253 5.200696 7.899156
254 5.200696 7.899156
255 5.200696 7.899156
256 5.200696 7.899156
257 5.200696 7.899156
258 5.200696 7.899156
259 5.200696 7.899156
260 5.200696 7.899156
261 5.200696 7.899156
262 5.200696 7.899156
263 5.200696 7.899156
264 5.200696 7.899156
265 5.200696 7.899156
266 5.200696 7.899156
267 5.200696 7.899156
268 5.200696 7.899156
269 5.200696 7.899156
270 5.200696 7.899156
271 5.200696 7.899156
272 5.200696 7.899156
273 5.200696 7.899156
274 5.200696 7.899156
275 5.200696 7.899156
276 5.200696 7.899156
277 5.200696 7.899156
278 5.200696 7.899156
279 5.200696 7.899156
280 5.200696 7.899156
281 5.200696 7.899156
282 5.200696 7.899156
283 5.200696 7.899156
284 5.200696 7.899156
285 5.200696 7.899156
286 5.200696 7.899156
287 5.200696 7.899156
288 5.200696 7.899156
289 5.200696 7.899156
290 5.200696 7.899156
291 5.200696 7.899156
292 5.200696 7.899156
293 5.200696 7.899156
294 5.200696 7.899156
295 5.200696 7.899156
296 5.200696 7.899156
297 5.200696 7.899156
298 5.200696 7.899156
299 5.200696 7.899156
300 5.200696 7.899156
301 5.200696 7.899156
302 5.200696 7.899156
303 5.200696 7.899156
304 5.200696 7.899156
305 5.200696 7.899156
306 5.200696 7.899156
307 5.200696 7.899156
308 5.200696 7.899156
309 5.200696 7.899156
310 5.200696 7.899156
311 5.200696 7.899156
312 5.200696 7.899156
313 5.200696 7.899156
314 5.200696 7.899156
315 5.200696 7.899156
316 5.200696 7.899156
317 5.200696 7.899156
318 5.200696 7.899156
319 5.200696 7.899156
320 5.200696 7.899156
321 5.200696 7.899156
322 5.200696 7.899156
323 5.200696 7.899156
324 5.200696 7.899156
325 5.200696 7.899156
326 5.200696 7.899156
327 5.200696 7.899156
328 5.200696 7.899156
329 5.200696 7.899156
330 5.200696 7.899156
331 5.200696 7.899156
332 5.200696 7.899156
333 5.200696 7.899156
334 5.200696 7.899156
335 5.200696 7.899156
336 5.200696 7.899156
337 5.200696 7.899156
338 5.200696 7.899156
339 5.200696 7.899156
340 5.200696 7.899156
341 5.200696 7.899156
342 5.200696 7.899156
343 5.200696 7.899156
344 5.200696 7.899156
345 5.200696 7.899156
346 5.200696 7.899156
347 5.200696 7.899156
348 5.200696 7.899156
349 5.200696 7.899156
350 5.200696 7.899156
351 5.200696 7.899156
352 5.200696 7.899156
353 5.200696 7.899156
354 5.200696 7.899156
355 5.200696 7.899156
356 5.200696 7.899156
357 5.200696 7.899156
358 5.200696 7.899156
359 5.200696 7.899156
360 5.200696 7.899156
361 5.200696 7.899156
362 5.200696 7.899156
363 5.200696 7.899156
364 5.200696 7.899156
365 5.200696 7.899156
366 5.200696 7.899156
367 5.200696 7.899156
368 5.200696 7.899156
369 5.200696 7.899156
370 5.200696 7.899156
371 5.200696 7.899156
372 5.200696 7.899156
373 5.200696 7.899156
374 5.200696 7.899156
375 5.200696 7.899156
376 5.200696 7.899156
377 5.200696 7.899156
378 5.200696 7.899156
379 5.200696 7.899156
380 5.200696 7.899156
381 5.200696 7.899156
382 5.200696 7.899156
383 5.200696 7.899156
384 5.200696 7.899156
385 5.200696 7.899156
386 5.200696 7.899156
387 5.200696 7.899156
388 5.200696 7.899156
389 5.200696 7.899156
390 5.200696 7.899156
391 5.200696 7.899156
392 5.200696 7.899156
393 5.200696 7.899156
394 5.200696 7.899156
395 5.200696 7.899156
396 5.200696 7.899156
397 5.200696 7.899156
398 5.200696 7.899156
399 5.200696 7.899156
400 5.200696 7.899156
401 5.200696 7.899156
402 5.200696 7.899156
403 5.200696 7.899156
404 5.200696 7.899156
405 5.200696 7.899156
406 5.200696 7.899156
407 5.200696 7.899156
408 5.200696 7.899156
409 5.200696 7.899156
410 5.200696 7.899156
411 5.200696 7.899156
412 5.200696 7.899156
413 5.200696 7.899156
414 5.200696 7.899156
415 5.200696 7.899156
416 5.200696 7.899156
417 5.200696 7.899156
418 5.200696 7.899156
419 5.200696 7.899156
420 5.200696 7.899156
421 5.200696 7.899156
422 5.200696 7.899156
423 5.200696 7.899156
424 5.200696 7.899156
425 5.200696 7.899156
426 5.200696 7.899156
427 5.200696 7.899156
428 5.200696 7.899156
429 5.200696 7.899156
430 5.200696 7.899156
431 5.200696 7.899156
432 5.200696 7.899156
433 5.200696 7.899156
434 5.200696 7.899156
435 5.200696 7.899156
436 5.200696 7.899156
437 5.200696 7.899156
438 5.200696 7.899156
439 5.200696 7.899156
440 5.200696 7.899156
441 5.200696 7.899156
442 5.200696 7.899156
443 5.200696 7.899156
444 5.200696 7.899156
445 5.200696 7.899156
446 5.200696 7.899156
447 5.200696 7.899156
448 5.200696 7.899156
449 5.200696 7.899156
450 5.200696 7.899156
451 5.200696 7.899156
452 5.200696 7.899156
453 5.200696 7.899156
454 5.200696 7.899156
455 5.200696 7.899156
456 5.200696 7.899156
457 5.200696 7.899156
458 5.200696 7.899156
459 5.200696 7.899156
460 5.200696 7.899156
461 5.200696 7.899156
462 5.200696 7.899156
463 5.200696 7.899156
464 5.200696 7.899156
465 5.200696 7.899156
466 5.200696 7.899156
467 5.200696 7.899156
468 5.200696 7.899156
469 5.200696 7.899156
470 5.200696 7.899156
471 5.200696 7.899156
472 5.200696 7.899156
473 5.200696 7.899156
474 5.200696 7.899156
475 5.200696 7.899156
476 5.200696 7.899156
477 5.200696 7.899156
478 5.200696 7.899156
479 5.200696 7.899156
480 5.200696 7.899156
481 5.200696 7.899156
482 5.200696 7.899156
483 5.200696 7.899156
484 5.200696 7.899156
485 5.200696 7.899156
486 5.200696 7.899156
487 5.200696 7.899156
488 5.200696 7.899156
489 5.200696 7.899156
490 5.200696 7.899156
491 5.200696 7.899156
492 5.200696 7.899156
493 5.200696 7.899156
494 5.200696 7.899156
495 5.200696 7.899156
496 5.200696 7.899156
497 5.200696 7.899156
498 5.200696 7.899156
499 5.200696 7.899156
500 5.200696 7.899156
501 5.200696 7.899156
502 5.200696 7.899156
503 5.200696 7.899156
504 5.200696 7.899156
505 5.200696 7.899156
506 5.200696 7.899156
507 5.200696 7.899156
508 5.200696 7.899156
509 5.200696 7.899156
510 5.200696 7.899156
511 5.200696 7.899156
512 5.200696 7.899156
513 5.200696 7.899156
514 5.200696 7.899156
515 5.200696 7.899156
516 5.200696 7.899156
517 5.200696 7.899156
518 5.200696 7.899156
519 5.200696 7.899156
520 5.200696 7.899156
521 5.200696 7.899156
522 5.200696 7.899156
523 5.200696 7.899156
524 5.200696 7.899156
525 5.200696 7.899156
526 5.200696 7.899156
527 5.200696 7.899156
528 5.200696 7.899156
529 5.200696 7.899156
530 5.200696 7.899156
531 5.200696 7.899156
532 5.200696 7.899156
533 5.200696 7.899156
534 5.200696 7.899156
535 5.200696 7.899156
536 5.200696 7.899156
537 5.200696 7.899156
538 5.200696 7.899156
539 5.200696 7.899156
540 5.200696 7.899156
541 5.200696 7.899156
542 5.200696 7.899156
543 5.200696 7.899156
544 5.200696 7.899156
545 5.200696 7.899156
546 5.200696 7.899156
547 5.200696 7.899156
548 5.200696 7.899156
549 5.200696 7.899156
550 5.200696 7.899156
551 5.200696 7.899156
552 5.200696 7.899156
553 5.200696 7.899156
554 5.200696 7.899156
555 5.200696 7.899156
556 5.200696 7.899156
557 5.200696 7.899156
558 5.200696 7.899156
559 5.200696 7.899156
560 5.200696 7.899156
561 5.200696 7.899156
562 5.200696 7.899156
563 5.200696 7.899156
564 5.200696 7.899156
565 5.200696 7.899156
566 5.200696 7.899156
567 5.200696 7.899156
568 5.200696 7.899156
569 5.200696 7.899156
570 5.200696 7.899156
571 5.200696 7.899156
572 5.200696 7.899156
573 5.200696 7.899156
574 5.200696 7.899156
575 5.200696 7.899156
576 5.200696 7.899156
577 5.200696 7.899156
578 5.200696 7.899156
579 5.200696 7.899156
580 5.200696 7.899156
581 5.200696 7.899156
582 5.200696 7.899156
583 5.200696 7.899156
584 5.200696 7.899156
585 5.200696 7.899156
586 5.200696 7.899156
587 5.200696 7.899156
588 5.200696 7.899156
589 5.200696 7.899156
590 5.200696 7.899156
591 5.200696 7.899156
592 5.200696 7.899156
593 5.200696 7.899156
594 5.200696 7.899156
595 5.200696 7.899156
596 5.200696 7.899156
597 5.200696 7.899156
598 5.200696 7.899156
599 5.200696 7.899156
600 5.200696 7.899156
601 5.200696 7.899156
602 5.200696 7.899156
603 5.200696 7.899156
604 5.200696 7.899156
605 5.200696 7.899156
606 5.200696 7.899156
607 5.200696 7.899156
608 5.200696 7.899156
609 5.200696 7.899156
610 5.200696 7.899156
611 5.200696 7.899156
612 5.200696 7.899156
613 5.200696 7.899156
614 5.200696 7.899156
615 5.200696 7.899156
616 5.200696 7.899156
617 5.200696 7.899156
618 5.200696 7.899156
619 5.200696 7.899156
620 5.200696 7.899156
621 5.200696 7.899156
622 5.200696 7.899156
623 5.200696 7.899156
624 5.200696 7.899156
625 5.200696 7.899156
626 5.200696 7.899156
627 5.200696 7.899156
628 5.200696 7.899156
629 5.200696 7.899156
630 5.200696 7.899156
631 5.200696 7.899156
632 5.200696 7.899156
633 5.200696 7.899156
634 5.200696 7.899156
635 5.200696 7.899156
636 5.200696 7.899156
637 5.200696 7.899156
638 5.200696 7.899156
639 5.200696 7.899156
640 5.200696 7.899156
641 5.200696 7.899156
642 5.200696 7.899156
643 5.200696 7.899156
644 5.200696 7.899156
645 5.200696 7.899156
646 5.200696 7.899156
647 5.200696 7.899156
648 5.200696 7.899156
649 5.200696 7.899156
650 5.200696 7.899156
651 5.200696 7.899156
652 5.200696 7.899156
653 5.200696 7.899156
654 5.200696 7.899156
655 5.200696 7.899156
656 5.200696 7.899156
657 5.200696 7.899156
658 5.200696 7.899156
659 5.200696 7.899156
660 5.200696 7.899156
661 5.200696 7.899156
662 5.200696 7.899156
663 5.200696 7.899156
664 5.200696 7.899156
665 5.200696 7.899156
666 5.200696 7.899156
667 5.200696 7.899156
668 5.200696 7.899156
669 5.200696 7.899156
670 5.200696 7.899156
671 5.200696 7.899156
672 5.200696 7.899156
673 5.200696 7.899156
674 5.200696 7.899156
675 5.200696 7.899156
676 5.200696 7.899156
677 5.200696 7.899156
678 5.200696 7.899156
679 5.200696 7.899156
680 5.200696 7.899156
681 5.200696 7.899156
682 5.200696 7.899156
683 5.200696 7.899156
684 5.200696 7.899156
685 5.200696 7.899156
686 5.200696 7.899156
687 5.200696 7.899156
688 5.200696 7.899156
689 5.200696 7.899156
690 5.200696 7.899156
691 5.200696 7.899156
692 5.200696 7.899156
693 5.200696 7.899156
694 5.200696 7.899156
695 5.200696 7.899156
696 5.200696 7.899156
697 5.200696 7.899156
698 5.200696 7.899156
699 5.200696 7.899156
700 5.200696 7.899156
701 5.200696 7.899156
702 5.200696 7.899156
703 5.200696 7.899156
704 5.200696 7.899156
705 5.200696 7.899156
706 5.200696 7.899156
707 5.200696 7.899156
708 5.200696 7.899156
709 5.200696 7.899156
710 5.200696 7.899156
711 5.200696 7.899156
712 5.200696 7.899156
713 5.200696 7.899156
714 5.200696 7.899156
715 5.200696 7.899156
716 5.200696 7.899156
717 5.200696 7.899156
718 5.200696 7.899156
719 5.200696 7.899156
720 5.200696 7.899156
721 5.200696 7.899156
722 5.200696 7.899156
723 5.200696 7.899156
724 5.200696 7.899156
725 5.200696 7.899156
726 5.200696 7.899156
727 5.200696 7.899156
728 5.200696 7.899156
729 5.200696 7.899156
730 5.200696 7.899156
731 5.200696 7.899156
732 5.200696 7.899156
733 5.200696 7.899156
734 5.200696 7.899156
735 5.200696 7.899156
736 5.200696 7.899156
737 5.200696 7.899156
738 5.200696 7.899156
739 5.200696 7.899156
740 5.200696 7.899156
741 5.200696 7.899156
742 5.200696 7.899156
743 5.200696 7.899156
744 5.200696 7.899156
745 5.200696 7.899156
746 5.200696 7.899156
747 5.200696 7.899156
748 5.200696 7.899156
749 5.200696 7.899156
750 5.200696 7.899156
751 5.200696 7.899156
752 5.200696 7.899156
753 5.200696 7.899156
754 5.200696 7.899156
755 5.200696 7.899156
756 5.200696 7.899156
757 5.200696 7.899156
758 5.200696 7.899156
759 5.200696 7.899156
760 5.200696 7.899156
761 5.200696 7.899156
762 5.200696 7.899156
763 5.200696 7.899156
764 5.200696 7.899156
765 5.200696 7.899156
766 5.200696 7.899156
767 5.200696 7.899156
768 5.200696 7.899156
769 5.200696 7.899156
770 5.200696 7.899156
771 5.200696 7.899156
772 5.200696 7.899156
773 5.200696 7.899156
774 5.200696 7.899156
775 5.200696 7.899156
776 5.200696 7.899156
777 5.200696 7.899156
778 5.200696 7.899156
779 5.200696 7.899156
780 5.200696 7.899156
781 5.200696 7.899156
782 5.200696 7.899156
783 5.200696 7.899156
784 5.200696 7.899156
785 5.200696 7.899156
786 5.200696 7.899156
787 5.200696 7.899156
788 5.200696 7.899156
789 5.200696 7.899156
790 5.200696 7.899156
791 5.200696 7.899156
792 5.200696 7.899156
793 5.200696 7.899156
794 5.200696 7.899156
795 5.200696 7.899156
796 5.200696 7.899156
797 5.200696 7.899156
798 5.200696 7.899156
799 5.200696 7.899156
800 5.200696 7.899156
801 5.200696 7.899156
802 5.200696 7.899156
803 5.200696 7.899156
804 5.200696 7.899156
805 5.200696 7.899156
806 5.200696 7.899156
807 5.200696 7.899156
808 5.200696 7.899156
809 5.200696 7.899156
810 5.200696 7.899156
811 5.200696 7.899156
812 5.200696 7.899156
813 5.200696 7.899156
814 5.200696 7.899156
815 5.200696 7.899156
816 5.200696 7.899156
817 5.200696 7.899156
818 5.200696 7.899156
819 5.200696 7.899156
820 5.200696 7.899156
821 5.200696 7.899156
822 5.200696 7.899156
823 5.200696 7.899156
824 5.200696 7.899156
825 5.200696 7.899156
826 5.200696 7.899156
827 5.200696 7.899156
828 5.200696 7.899156
829 5.200696 7.899156
830 5.200696 7.899156
831 5.200696 7.899156
832 5.200696 7.899156
833 5.200696 7.899156
834 5.200696 7.899156
835 5.200696 7.899156
836 5.200696 7.899156
837 5.200696 7.899156
838 5.200696 7.899156
839 5.200696 7.899156
840 5.200696 7.899156
841 5.200696 7.899156
842 5.200696 7.899156
843 5.200696 7.899156
844 5.200696 7.899156
845 5.200696 7.899156
846 5.200696 7.899156
847 5.200696 7.899156
848 5.200696 7.899156
849 5.200696 7.899156
850 5.200696 7.899156
851 5.200696 7.899156
852 5.200696 7.899156
853 5.200696 7.899156
854 5.200696 7.899156
855 5.200696 7.899156
856 5.200696 7.899156
857 5.200696 7.899156
858 5.200696 7.899156
859 5.200696 7.899156
860 5.200696 7.899156
861 5.200696 7.899156
862 5.200696 7.899156
863 5.200696 7.899156
864 5.200696 7.899156
865 5.200696 7.899156
866 5.200696 7.899156
867 5.200696 7.899156
868 5.200696 7.899156
869 5.200696 7.899156
870 5.200696 7.899156
871 5.200696 7.899156
872 5.200696 7.899156
873 5.200696 7.899156
874 5.200696 7.899156
875 5.200696 7.899156
876 5.200696 7.899156
877 5.200696 7.899156
878 5.200696 7.899156
879 5.200696 7.899156
880 5.200696 7.899156
881 5.200696 7.899156
882 5.200696 7.899156
883 5.200696 7.899156
884 5.200696 7.899156
885 5.200696 7.899156
886 5.200696 7.899156
887 5.200696 7.899156
888 5.200696 7.899156
889 5.200696 7.899156
890 5.200696 7.899156
891 5.200696 7.899156
892 5.200696 7.899156
893 5.200696 7.899156
894 5.200696 7.899156
895 5.200696 7.899156
896 5.200696 7.899156
897 5.200696 7.899156
898 5.200696 7.899156
899 5.200696 7.899156
900 5.200696 7.899156
901 5.200696 7.899156
902 5.200696 7.899156
903 5.200696 7.899156
904 5.200696 7.899156
905 5.200696 7.899156
906 5.200696 7.899156
907 5.200696 7.899156
908 5.200696 7.899156
909 5.200696 7.899156
910 5.200696 7.899156
911 5.200696 7.899156
912 5.200696 7.899156
913 5.200696 7.899156
914 5.200696 7.899156
915 5.200696 7.899156
916 5.200696 7.899156
917 5.200696 7.899156
918 5.200696 7.899156
919 5.200696 7.899156
920 5.200696 7.899156
921 5.200696 7.899156
922 5.200696 7.899156
923 5.200696 7.899156
924 5.200696 7.899156
925 5.200696 7.899156
926 5.200696 7.899156
927 5.200696 7.899156
928 5.200696 7.899156
929 5.200696 7.899156
930 5.200696 7.899156
931 5.200696 7.899156
932 5.200696 7.899156
933 5.200696 7.899156
934 5.200696 7.899156
935 5.200696 7.899156
936 5.200696 7.899156
937 5.200696 7.899156
938 5.200696 7.899156
939 5.200696 7.899156
940 5.200696 7.899156
941 5.200696 7.899156
942 5.200696 7.899156
943 5.200696 7.899156
944 5.200696 7.899156
945 5.200696 7.899156
946 5.200696 7.899156
947 5.200696 7.899156
948 5.200696 7.899156
949 5.200696 7.899156
950 5.200696 7.899156
951 5.200696 7.899156
952 5.200696 7.899156
953 5.200696 7.899156
954 5.200696 7.899156
955 5.200696 7.899156
956 5.200696 7.899156
957 5.200696 7.899156
958 5.200696 7.899156
959 5.200696 7.899156
960 5.200696 7.899156
961 5.200696 7.899156
962 5.200696 7.899156
963 5.200696 7.899156
964 5.200696 7.899156
965 5.200696 7.899156
966 5.200696 7.899156
967 5.200696 7.899156
968 5.200696 7.899156
969 5.200696 7.899156
970 5.200696 7.899156
971 5.200696 7.899156
972 5.200696 7.899156
973 5.200696 7.899156
974 5.200696 7.899156
975 5.200696 7.899156
976 5.200696 7.899156
977 5.200696 7.899156
978 5.200696 7.899156
979 5.200696 7.899156
980 5.200696 7.899156
981 5.200696 7.899156
982 5.200696 7.899156
983 5.200696 7.899156
984 5.200696 7.899156
985 5.200696 7.899156
986 5.200696 7.899156
987 5.200696 7.899156
988 5.200696 7.899156
989 5.200696 7.899156
990 5.200696 7.899156
991 5.200696 7.899156
992 5.200696 7.899156
993 5.200696 7.899156
994 5.200696 7.899156
995 5.200696 7.899156
996 5.200696 7.899156
997 5.200696 7.899156
998 5.200696 7.899156
999 5.200696 7.899156

