StartPoint = (0, 5)
EndPoint = (10, 0)
N Points = 20
Selection = Tournament
Tournament Size = 100
NCrossings = 6
NGenerations = 1000
PopulationSize = 100
MutationProb = 0.1
CrossoverProb = 0.9
MutationType = Gaussian
Elistic = 40


Best Result(mean): 1.811488

0 4.898718 7.907028
1 3.590047 6.014136
2 2.977828 4.741259
3 2.694834 4.092432
4 2.550311 3.899625
5 2.454977 3.68148
6 2.388351 3.656716
7 2.347461 3.58457
8 2.313991 3.602505
9 2.298204 3.542083
10 2.280343 3.585424
11 2.265049 3.549398
12 2.25377 3.573157
13 2.243223 3.492198
14 2.23732 3.522905
15 2.227812 3.431778
16 2.220803 3.39806
17 2.211655 3.487902
18 2.20687 3.339828
19 2.201093 3.300336
20 2.19593 3.323601
21 2.190966 3.269981
22 2.185418 3.23596
23 2.183146 3.271311
24 2.178034 3.173798
25 2.174919 3.19121
26 2.172413 3.141503
27 2.167444 3.120702
28 2.164095 3.161522
29 2.158298 3.098723
30 2.152252 3.164015
31 2.14899 3.051304
32 2.146823 3.002987
33 2.141635 2.993578
34 2.137307 3.010547
35 2.134977 2.930569
36 2.130398 2.944674
37 2.126061 2.896326
38 2.122278 2.951946
39 2.117749 2.99111
40 2.114781 2.914066
41 2.112401 2.956844
42 2.10887 2.924997
43 2.105178 2.866226
44 2.099916 2.895743
45 2.09916 2.826547
46 2.09516 2.837913
47 2.090537 2.84196
48 2.087653 2.860812
49 2.085905 2.833251
50 2.082308 2.803186
51 2.07935 2.771019
52 2.075796 2.662962
53 2.068491 2.667631
54 2.061772 2.686201
55 2.056563 2.636741
56 2.050061 2.665173
57 2.046624 2.724405
58 2.044139 2.688106
59 2.041682 2.65571
60 2.03953 2.608822
61 2.034915 2.624469
62 2.034367 2.628322
63 2.032283 2.61178
64 2.029687 2.576863
65 2.028077 2.52637
66 2.025088 2.537869
67 2.024283 2.576161
68 2.022286 2.642192
69 2.020504 2.578526
70 2.019272 2.537831
71 2.017828 2.568014
72 2.015214 2.51377
73 2.011772 2.492787
74 2.005142 2.524566
75 2.00307 2.524047
76 1.999506 2.474704
77 1.997006 2.473593
78 1.993071 2.494161
79 1.991428 2.421869
80 1.988938 2.489571
81 1.985194 2.419402
82 1.983811 2.422261
83 1.979442 2.364305
84 1.977514 2.336254
85 1.975097 2.370321
86 1.96981 2.323287
87 1.966429 2.363856
88 1.963512 2.362257
89 1.96019 2.318849
90 1.958933 2.360581
91 1.956708 2.317378
92 1.955884 2.355181
93 1.952926 2.358657
94 1.951563 2.349041
95 1.949625 2.303857
96 1.947741 2.332424
97 1.945963 2.27049
98 1.944186 2.312353
99 1.942181 2.281998
100 1.939916 2.258248
101 1.935555 2.326165
102 1.933356 2.287181
103 1.930315 2.284494
104 1.927928 2.242627
105 1.925636 2.249395
106 1.92274 2.232328
107 1.921003 2.235598
108 1.918507 2.214532
109 1.917083 2.186589
110 1.913224 2.188697
111 1.911174 2.20088
112 1.908622 2.191478
113 1.904081 2.206423
114 1.901019 2.184283
115 1.899849 2.182464
116 1.897826 2.168047
117 1.896071 2.17914
118 1.892251 2.165173
119 1.889323 2.166188
120 1.888886 2.138204
121 1.886967 2.146858
122 1.885832 2.144815
123 1.884822 2.168471
124 1.884274 2.139199
125 1.882712 2.163407
126 1.881018 2.152995
127 1.879314 2.160699
128 1.878662 2.16026
129 1.876996 2.13003
130 1.875494 2.147517
131 1.874895 2.141935
132 1.872842 2.107119
133 1.867891 2.148831
134 1.866972 2.14536
135 1.8631 2.143523
136 1.859351 2.126268
137 1.857878 2.13325
138 1.856944 2.112198
139 1.855242 2.122102
140 1.854703 2.157782
141 1.853632 2.134751
142 1.851149 2.104018
143 1.849804 2.122424
144 1.84855 2.09247
145 1.847937 2.099021
146 1.84755 2.138603
147 1.846829 2.105207
148 1.846617 2.139093
149 1.845167 2.11126
150 1.843853 2.098918
151 1.843296 2.131672
152 1.84247 2.097214
153 1.84127 2.084949
154 1.840806 2.109255
155 1.840162 2.108322
156 1.839966 2.113154
157 1.839287 2.090213
158 1.839009 2.088369
159 1.838056 2.112913
160 1.837129 2.11488
161 1.836376 2.099517
162 1.836218 2.092064
163 1.835611 2.10512
164 1.835234 2.116432
165 1.834814 2.10627
166 1.833968 2.09202
167 1.83385 2.085801
168 1.8336 2.084113
169 1.831658 2.071819
170 1.830341 2.096659
171 1.830124 2.094257
172 1.829667 2.084759
173 1.828866 2.082899
174 1.827562 2.100501
175 1.827424 2.067201
176 1.827255 2.079784
177 1.826977 2.073375
178 1.8263 2.079994
179 1.825822 2.113595
180 1.825531 2.112536
181 1.824977 2.086565
182 1.824742 2.097713
183 1.8241 2.099351
184 1.82375 2.103195
185 1.823668 2.11654
186 1.823159 2.08913
187 1.822906 2.110532
188 1.82264 2.073072
189 1.822308 2.093673
190 1.822126 2.093512
191 1.821986 2.071937
192 1.821761 2.072019
193 1.821527 2.095468
194 1.821325 2.110139
195 1.821322 2.084901
196 1.821272 2.089469
197 1.821162 2.101814
198 1.821004 2.065154
199 1.820951 2.076895
200 1.820626 2.059293
201 1.820323 2.11112
202 1.819866 2.078924
203 1.819462 2.093159
204 1.819294 2.095508
205 1.819123 2.078687
206 1.81912 2.106668
207 1.818892 2.069977
208 1.818823 2.096878
209 1.8187 2.097553
210 1.818694 2.07657
211 1.818582 2.089804
212 1.818277 2.073484
213 1.818134 2.071762
214 1.817993 2.077337
215 1.817877 2.062469
216 1.81763 2.080775
217 1.817516 2.10108
218 1.817375 2.087946
219 1.817272 2.073486
220 1.817064 2.075385
221 1.816969 2.083188
222 1.816767 2.074421
223 1.816658 2.10556
224 1.816548 2.072494
225 1.816514 2.073814
226 1.816483 2.088075
227 1.816375 2.090518
228 1.816366 2.069496
229 1.816364 2.076749
230 1.816339 2.08525
231 1.816336 2.08937
232 1.81617 2.077199
233 1.816161 2.088515
234 1.815979 2.079977
235 1.815966 2.099718
236 1.815912 2.071473
237 1.815879 2.081716
238 1.81583 2.086809
239 1.815759 2.089295
240 1.815741 2.102422
241 1.815731 2.076933
242 1.815681 2.080079
243 1.815557 2.068796
244 1.815518 2.08002
245 1.815395 2.072968
246 1.81535 2.09292
247 1.815318 2.073941
248 1.815283 2.075108
249 1.815238 2.087766
250 1.815135 2.096358
251 1.815054 2.09577
252 1.815043 2.058086
253 1.814988 2.079026
254 1.814936 2.088057
255 1.814904 2.06987
256 1.814901 2.096817
257 1.81487 2.096832
258 1.814808 2.092497
259 1.814757 2.067548
260 1.814685 2.098746
261 1.814673 2.092345
262 1.814672 2.115922
263 1.814598 2.094371
264 1.814548 2.072147
265 1.814352 2.055539
266 1.814352 2.096508
267 1.814308 2.096984
268 1.81424 2.071067
269 1.814227 2.088614
270 1.814218 2.083054
271 1.814206 2.06153
272 1.814183 2.107314
273 1.814151 2.05735
274 1.814135 2.104698
275 1.814116 2.082596
276 1.814094 2.047273
277 1.814094 2.077373
278 1.81404 2.078705
279 1.814009 2.080597
280 1.813928 2.093237
281 1.813893 2.101082
282 1.813858 2.0905
283 1.813832 2.082776
284 1.813826 2.069392
285 1.813774 2.09174
286 1.813753 2.094186
287 1.813717 2.092671
288 1.813706 2.074159
289 1.813661 2.055779
290 1.813661 2.096557
291 1.813657 2.085022
292 1.813637 2.065142
293 1.813634 2.077003
294 1.813628 2.080575
295 1.81361 2.075577
296 1.813606 2.061175
297 1.813574 2.049234
298 1.813571 2.089054
299 1.813566 2.085806
300 1.813566 2.10424
301 1.813507 2.083186
302 1.813504 2.076433
303 1.813479 2.079467
304 1.813479 2.061516
305 1.813439 2.057613
306 1.813439 2.058512
307 1.813423 2.08099
308 1.813384 2.075251
309 1.813371 2.050325
310 1.813342 2.077026
311 1.813304 2.070248
312 1.813292 2.087739
313 1.813282 2.059765
314 1.813277 2.094121
315 1.813234 2.080206
316 1.813218 2.077085
317 1.813217 2.096529
318 1.813217 2.071911
319 1.813201 2.08892
320 1.813187 2.069165
321 1.813186 2.103856
322 1.81316 2.077015
323 1.813133 2.088794
324 1.813126 2.079343
325 1.813118 2.072982
326 1.813113 2.073254
327 1.813102 2.101906
328 1.813086 2.080768
329 1.813071 2.069615
330 1.813056 2.096902
331 1.813042 2.07014
332 1.813029 2.089892
333 1.813023 2.079748
334 1.813016 2.095292
335 1.813016 2.096207
336 1.812992 2.087822
337 1.812988 2.087014
338 1.812975 2.070923
339 1.812971 2.072464
340 1.812968 2.066635
341 1.812961 2.073354
342 1.812893 2.097251
343 1.812876 2.067291
344 1.812876 2.077381
345 1.812865 2.078768
346 1.812852 2.079518
347 1.812844 2.075071
348 1.81284 2.073355
349 1.81284 2.044992
350 1.812838 2.062687
351 1.812835 2.070198
352 1.812799 2.077535
353 1.812793 2.099779
354 1.812791 2.08715
355 1.812783 2.066412
356 1.812775 2.064938
357 1.812775 2.071673
358 1.812775 2.097781
359 1.812773 2.085596
360 1.812759 2.06775
361 1.812756 2.08847
362 1.812745 2.082259
363 1.812731 2.072375
364 1.812729 2.052782
365 1.81272 2.061235
366 1.812715 2.095453
367 1.812711 2.068309
368 1.81269 2.076349
369 1.812667 2.063909
370 1.812665 2.088887
371 1.812653 2.068646
372 1.812642 2.082725
373 1.812629 2.087846
374 1.812608 2.097321
375 1.812608 2.079025
376 1.812605 2.094911
377 1.812602 2.08165
378 1.8126 2.085268
379 1.812597 2.085522
380 1.812597 2.096869
381 1.812595 2.096634
382 1.812593 2.090844
383 1.812582 2.08638
384 1.812579 2.081209
385 1.812564 2.10166
386 1.812564 2.086915
387 1.812562 2.083401
388 1.812559 2.075609
389 1.812558 2.098458
390 1.812557 2.070986
391 1.812557 2.089176
392 1.812552 2.079279
393 1.812552 2.090562
394 1.812546 2.100692
395 1.812545 2.110154
396 1.812519 2.086184
397 1.812514 2.071701
398 1.812505 2.075611
399 1.812491 2.08881
400 1.812485 2.064287
401 1.812482 2.077858
402 1.81248 2.069777
403 1.812479 2.073262
404 1.812478 2.066971
405 1.812478 2.074488
406 1.812478 2.108876
407 1.812469 2.068696
408 1.812469 2.084534
409 1.812467 2.090216
410 1.812449 2.059622
411 1.812449 2.072111
412 1.812444 2.072749
413 1.812444 2.078702
414 1.812428 2.093846
415 1.812423 2.072104
416 1.812421 2.066444
417 1.812421 2.086146
418 1.812418 2.079387
419 1.812418 2.062372
420 1.812415 2.072891
421 1.812414 2.078298
422 1.812409 2.073516
423 1.812407 2.100564
424 1.812395 2.07234
425 1.812379 2.091208
426 1.812376 2.094168
427 1.812371 2.09011
428 1.812348 2.07843
429 1.812338 2.064098
430 1.812336 2.084569
431 1.812335 2.097949
432 1.812333 2.063459
433 1.812325 2.074051
434 1.812324 2.084758
435 1.812315 2.066338
436 1.812315 2.094283
437 1.812314 2.070307
438 1.81231 2.0526
439 1.812305 2.074417
440 1.812278 2.072443
441 1.812278 2.078824
442 1.812277 2.067459
443 1.812271 2.08692
444 1.812259 2.072037
445 1.812244 2.054672
446 1.812244 2.079972
447 1.81223 2.078372
448 1.812211 2.101682
449 1.812187 2.103525
450 1.812185 2.096095
451 1.812185 2.054082
452 1.812185 2.094139
453 1.812175 2.080561
454 1.812171 2.096063
455 1.812167 2.074149
456 1.81214 2.082699
457 1.81214 2.114779
458 1.812137 2.095709
459 1.812136 2.058239
460 1.812127 2.080027
461 1.812126 2.086168
462 1.812126 2.086927
463 1.812121 2.047002
464 1.812118 2.092947
465 1.812116 2.094226
466 1.812115 2.07893
467 1.812106 2.074008
468 1.812106 2.092277
469 1.812099 2.09421
470 1.812093 2.070461
471 1.812083 2.07682
472 1.812074 2.076941
473 1.812073 2.066508
474 1.812073 2.090607
475 1.81206 2.084034
476 1.812053 2.077777
477 1.812052 2.065781
478 1.812052 2.079658
479 1.81205 2.07752
480 1.812043 2.081252
481 1.812036 2.050443
482 1.812034 2.090861
483 1.812025 2.074988
484 1.812025 2.052128
485 1.812024 2.082053
486 1.812021 2.079895
487 1.812021 2.091611
488 1.812019 2.052217
489 1.812012 2.067742
490 1.812009 2.057059
491 1.812008 2.090442
492 1.811998 2.088172
493 1.811998 2.065539
494 1.811998 2.094116
495 1.811998 2.076022
496 1.811995 2.080945
497 1.811995 2.106494
498 1.811995 2.070714
499 1.811995 2.086764
500 1.811991 2.083714
501 1.811991 2.073342
502 1.811991 2.097576
503 1.811984 2.078812
504 1.811977 2.079926
505 1.811977 2.073531
506 1.811976 2.074714
507 1.811976 2.085731
508 1.811976 2.100014
509 1.811976 2.070519
510 1.811976 2.086496
511 1.811975 2.078762
512 1.811975 2.083804
513 1.811975 2.085284
514 1.811968 2.079037
515 1.811968 2.074147
516 1.811967 2.087223
517 1.811964 2.090092
518 1.811962 2.105544
519 1.811961 2.09113
520 1.81196 2.058027
521 1.81196 2.064263
522 1.81196 2.067796
523 1.81196 2.076582
524 1.81196 2.073008
525 1.811959 2.072911
526 1.811959 2.098276
527 1.811958 2.078288
528 1.811958 2.077639
529 1.811958 2.081597
530 1.811957 2.087143
531 1.811938 2.093212
532 1.811937 2.067441
533 1.811931 2.080215
534 1.811931 2.087296
535 1.811929 2.086235
536 1.811927 2.069232
537 1.811926 2.072782
538 1.811924 2.080663
539 1.811921 2.085913
540 1.811921 2.089874
541 1.811921 2.093227
542 1.811921 2.081197
543 1.81192 2.10866
544 1.811919 2.101924
545 1.811917 2.076517
546 1.811917 2.079654
547 1.811914 2.077807
548 1.811909 2.099108
549 1.811909 2.085453
550 1.811907 2.1016
551 1.811907 2.075533
552 1.811899 2.044275
553 1.811897 2.08093
554 1.811897 2.066412
555 1.811891 2.071092
556 1.811891 2.06083
557 1.811891 2.089039
558 1.811885 2.076647
559 1.811885 2.081101
560 1.81188 2.077226
561 1.811879 2.062881
562 1.811879 2.064188
563 1.811878 2.078737
564 1.811878 2.075733
565 1.811878 2.068061
566 1.811875 2.098819
567 1.811875 2.080488
568 1.811875 2.09455
569 1.811872 2.090874
570 1.811862 2.098315
571 1.81186 2.07923
572 1.811859 2.086045
573 1.811849 2.091199
574 1.811844 2.094509
575 1.811838 2.043478
576 1.811825 2.091394
577 1.811824 2.07478
578 1.811824 2.08024
579 1.811824 2.104595
580 1.811818 2.097044
581 1.811812 2.095218
582 1.811811 2.103266
583 1.811811 2.099141
584 1.811808 2.097499
585 1.811808 2.069489
586 1.811805 2.070173
587 1.811802 2.084102
588 1.811802 2.094406
589 1.8118 2.076784
590 1.8118 2.066012
591 1.811799 2.066405
592 1.811797 2.081972
593 1.811797 2.093215
594 1.811793 2.079605
595 1.811793 2.112637
596 1.811785 2.101714
597 1.811785 2.083299
598 1.811785 2.067989
599 1.811785 2.079815
600 1.811785 2.092722
601 1.811781 2.081489
602 1.81178 2.086565
603 1.81178 2.077336
604 1.811779 2.096287
605 1.811779 2.076739
606 1.811778 2.062492
607 1.811775 2.105029
608 1.811774 2.085097
609 1.811773 2.082119
610 1.811773 2.11707
611 1.811769 2.09809
612 1.811769 2.058043
613 1.811764 2.101681
614 1.811763 2.072546
615 1.811753 2.06597
616 1.811753 2.083439
617 1.811744 2.05479
618 1.811743 2.072498
619 1.811743 2.087098
620 1.811742 2.081261
621 1.81174 2.068876
622 1.81174 2.06187
623 1.811725 2.081452
624 1.811723 2.090388
625 1.811722 2.087444
626 1.811721 2.068207
627 1.811718 2.070296
628 1.811718 2.078795
629 1.811718 2.087524
630 1.811716 2.067611
631 1.811715 2.072134
632 1.811715 2.05964
633 1.811711 2.103482
634 1.811711 2.081714
635 1.81171 2.077718
636 1.811707 2.081327
637 1.811707 2.094305
638 1.811703 2.060497
639 1.811703 2.094396
640 1.811701 2.0816
641 1.811701 2.088881
642 1.811699 2.065181
643 1.811699 2.08157
644 1.811696 2.099953
645 1.811694 2.088231
646 1.811694 2.081795
647 1.811693 2.068182
648 1.811692 2.074848
649 1.811691 2.102899
650 1.811691 2.067384
651 1.811686 2.074901
652 1.811686 2.059118
653 1.811685 2.082714
654 1.811685 2.058526
655 1.811683 2.077257
656 1.811683 2.086366
657 1.811682 2.072137
658 1.811682 2.087117
659 1.811681 2.095311
660 1.811681 2.11421
661 1.811681 2.091141
662 1.811681 2.089615
663 1.81168 2.070628
664 1.81168 2.071172
665 1.81168 2.098385
666 1.811679 2.085522
667 1.811679 2.055431
668 1.811679 2.076012
669 1.811679 2.091326
670 1.811679 2.10281
671 1.811679 2.066567
672 1.811679 2.06435
673 1.811679 2.084113
674 1.811678 2.076346
675 1.811673 2.085916
676 1.811673 2.083083
677 1.811671 2.061783
678 1.81167 2.061438
679 1.81167 2.078488
680 1.811669 2.07577
681 1.811669 2.090175
682 1.811669 2.087703
683 1.811667 2.09246
684 1.811666 2.086587
685 1.811665 2.07441
686 1.811665 2.114528
687 1.811664 2.062407
688 1.811664 2.081952
689 1.811664 2.06716
690 1.811664 2.073293
691 1.811664 2.082602
692 1.811662 2.094245
693 1.81166 2.071662
694 1.81166 2.072002
695 1.811657 2.113339
696 1.811656 2.083583
697 1.811655 2.081359
698 1.811649 2.086474
699 1.811649 2.094288
700 1.811649 2.072518
701 1.811649 2.082821
702 1.811649 2.057574
703 1.811649 2.072338
704 1.811648 2.062529
705 1.811648 2.0836
706 1.811648 2.072461
707 1.811648 2.08837
708 1.811648 2.076933
709 1.811646 2.072693
710 1.811642 2.061017
711 1.811641 2.079134
712 1.81164 2.094096
713 1.81164 2.083104
714 1.81164 2.099243
715 1.81164 2.09287
716 1.811634 2.060458
717 1.811631 2.06254
718 1.811631 2.072675
719 1.81163 2.094647
720 1.811628 2.062153
721 1.811628 2.074672
722 1.811628 2.070893
723 1.811628 2.078718
724 1.811628 2.09013
725 1.811628 2.076127
726 1.811625 2.062595
727 1.811625 2.044817
728 1.811625 2.060563
729 1.811625 2.066307
730 1.811624 2.069802
731 1.811624 2.066467
732 1.811624 2.083515
733 1.811623 2.080643
734 1.811623 2.097288
735 1.811622 2.10068
736 1.811622 2.063694
737 1.811622 2.102172
738 1.811622 2.096947
739 1.811622 2.08245
740 1.811621 2.083819
741 1.811621 2.111658
742 1.811619 2.087061
743 1.811617 2.071158
744 1.811616 2.070517
745 1.811615 2.085481
746 1.811615 2.072855
747 1.811615 2.092874
748 1.811615 2.084721
749 1.811615 2.099628
750 1.811615 2.09171
751 1.811615 2.055845
752 1.811613 2.081888
753 1.811613 2.051032
754 1.811613 2.097965
755 1.811613 2.079134
756 1.811612 2.103798
757 1.811612 2.082566
758 1.811612 2.095934
759 1.811612 2.057743
760 1.811612 2.093032
761 1.811607 2.067146
762 1.811607 2.068283
763 1.811605 2.081015
764 1.811605 2.090827
765 1.811604 2.072385
766 1.811603 2.080847
767 1.811602 2.088256
768 1.811599 2.061074
769 1.811598 2.095399
770 1.811598 2.097999
771 1.811597 2.07466
772 1.811597 2.087049
773 1.811597 2.100412
774 1.811597 2.092572
775 1.811597 2.090672
776 1.811597 2.078187
777 1.811597 2.077436
778 1.811597 2.070339
779 1.811597 2.081135
780 1.811597 2.073422
781 1.811597 2.078087
782 1.811597 2.092418
783 1.811596 2.068828
784 1.811595 2.083176
785 1.811595 2.068687
786 1.811595 2.057365
787 1.811595 2.085571
788 1.811591 2.086941
789 1.811591 2.064923
790 1.81159 2.082339
791 1.81159 2.076605
792 1.811587 2.069929
793 1.811587 2.08853
794 1.811586 2.076816
795 1.811586 2.066215
796 1.811586 2.077641
797 1.811581 2.077458
798 1.811581 2.058168
799 1.811581 2.063306
800 1.81158 2.111933
801 1.81158 2.09074
802 1.81158 2.068111
803 1.81158 2.081237
804 1.81158 2.10155
805 1.811579 2.086929
806 1.811577 2.085981
807 1.811576 2.113844
808 1.811576 2.074254
809 1.811576 2.062594
810 1.811575 2.083489
811 1.811575 2.088998
812 1.811574 2.0717
813 1.811573 2.072238
814 1.811573 2.093331
815 1.811571 2.075671
816 1.811571 2.090604
817 1.811571 2.072255
818 1.811571 2.088857
819 1.81157 2.07499
820 1.81157 2.059506
821 1.81157 2.080449
822 1.81157 2.049716
823 1.811569 2.088426
824 1.811569 2.090914
825 1.811568 2.067934
826 1.811568 2.069211
827 1.811568 2.067216
828 1.811568 2.060575
829 1.811568 2.090417
830 1.811567 2.08447
831 1.811567 2.097635
832 1.811565 2.064577
833 1.811565 2.09274
834 1.811564 2.075776
835 1.811561 2.089529
836 1.811561 2.053924
837 1.811561 2.101675
838 1.811561 2.091197
839 1.811561 2.072947
840 1.81156 2.069682
841 1.811558 2.067429
842 1.811558 2.067663
843 1.811558 2.066489
844 1.811556 2.07098
845 1.811548 2.091343
846 1.811548 2.083495
847 1.811548 2.073371
848 1.811548 2.073636
849 1.811548 2.080967
850 1.811547 2.067445
851 1.811546 2.091512
852 1.811546 2.075408
853 1.811546 2.065225
854 1.811546 2.078735
855 1.811546 2.078391
856 1.811546 2.095258
857 1.811546 2.066841
858 1.811546 2.101858
859 1.811546 2.057863
860 1.811545 2.083487
861 1.811544 2.071486
862 1.811544 2.083418
863 1.811544 2.086569
864 1.811544 2.087998
865 1.811544 2.067285
866 1.811544 2.072886
867 1.811544 2.066862
868 1.811544 2.077046
869 1.811544 2.08268
870 1.811544 2.068396
871 1.811544 2.087977
872 1.811542 2.092208
873 1.811542 2.06757
874 1.811541 2.070637
875 1.811541 2.09571
876 1.811541 2.078257
877 1.811541 2.07229
878 1.811541 2.054312
879 1.811541 2.069287
880 1.811541 2.08344
881 1.811541 2.080689
882 1.811541 2.081989
883 1.811541 2.078886
884 1.811541 2.105711
885 1.811535 2.076058
886 1.811533 2.081511
887 1.811533 2.074105
888 1.811533 2.105027
889 1.811533 2.064965
890 1.811533 2.095896
891 1.811532 2.075039
892 1.811531 2.080338
893 1.811531 2.11361
894 1.811531 2.100516
895 1.811531 2.079259
896 1.811531 2.073739
897 1.81153 2.056294
898 1.811529 2.070308
899 1.811529 2.068794
900 1.811529 2.085165
901 1.811529 2.110951
902 1.811529 2.085757
903 1.811528 2.084715
904 1.811528 2.067518
905 1.811528 2.093058
906 1.811527 2.063552
907 1.811527 2.076079
908 1.811527 2.091084
909 1.811527 2.067647
910 1.811527 2.074188
911 1.811522 2.077362
912 1.811522 2.080678
913 1.811522 2.076551
914 1.81152 2.060961
915 1.81152 2.06799
916 1.81152 2.08535
917 1.81152 2.091437
918 1.81152 2.078076
919 1.81152 2.074646
920 1.811518 2.083169
921 1.811518 2.071349
922 1.811517 2.089665
923 1.811515 2.079271
924 1.811514 2.056474
925 1.811505 2.086871
926 1.811505 2.110973
927 1.811505 2.084032
928 1.811504 2.080976
929 1.811504 2.068573
930 1.811504 2.074986
931 1.811504 2.087665
932 1.811504 2.060725
933 1.811503 2.10007
934 1.811503 2.076429
935 1.811503 2.078768
936 1.811503 2.091031
937 1.811503 2.082936
938 1.8115 2.0932
939 1.8115 2.075978
940 1.8115 2.091986
941 1.811498 2.07596
942 1.811498 2.042121
943 1.811498 2.082241
944 1.811498 2.106638
945 1.811498 2.08632
946 1.811498 2.112464
947 1.811498 2.079728
948 1.811498 2.061263
949 1.811498 2.07243
950 1.811498 2.083965
951 1.811498 2.068683
952 1.811497 2.091293
953 1.811497 2.085105
954 1.811497 2.098004
955 1.811497 2.066167
956 1.811497 2.07358
957 1.811497 2.119571
958 1.811497 2.072614
959 1.811497 2.079338
960 1.811497 2.085776
961 1.811497 2.077066
962 1.811497 2.080887
963 1.811497 2.095273
964 1.811497 2.062992
965 1.811497 2.072942
966 1.811497 2.071243
967 1.811497 2.087647
968 1.811497 2.072027
969 1.811496 2.064785
970 1.811496 2.071834
971 1.811496 2.079745
972 1.811496 2.090995
973 1.811494 2.078342
974 1.811494 2.063232
975 1.811494 2.085567
976 1.811491 2.070378
977 1.811491 2.059247
978 1.811491 2.09097
979 1.811491 2.077995
980 1.81149 2.090002
981 1.81149 2.062378
982 1.81149 2.077721
983 1.81149 2.074006
984 1.811488 2.070529
985 1.811488 2.063036
986 1.811488 2.100683
987 1.811488 2.073404
988 1.811488 2.071699
989 1.811488 2.079435
990 1.811488 2.071662
991 1.811488 2.104779
992 1.811488 2.081179
993 1.811488 2.079145
994 1.811488 2.090191
995 1.811488 2.077075
996 1.811488 2.095052
997 1.811488 2.090305
998 1.811488 2.054449
999 1.811488 2.076627

